52.1381663222266, 13.265940433844097
-13.00241637525797, 3.052951762971308
1.6359911046383069, 0.7535860182906021
1.6488199550255491, 1.2722597064129777
1.9694730679943697, 0.7630213029669364
0.252170376412496, 2.388155391294849
-0.8411032086421566, 3.892412991418817
5.807490088279073, 2.7088238851146946
1.303602322764595, 2.420937885106194
3.719726440761991, 4.6124485098762635
7.925761317703895, 0.8869993376669646
8.61789929394925, 0.7314808033093163
8.479056239498316, 16.98279517099322
5.200612745161289, 1.8637261236694178
9.96018700329156, 10.237102652351135
11.702831929357728, 1.7282187360155947
11.020140084260031, 2.413351638009663
9.432665356119433, 1.2669023551137721
10.045595049958552, 1.1661919093593565
9.747754073972727, 1.2837097967684399
10.043984052149506, 1.738461484305006
10.423754268932539, 1.5033310135511415
10.967925366026797, 1.370765796714959
11.466744900719354, 3.305273506607435
12.354598622372855, 2.3267489079402077
13.694827277326112, 1.0576007193693242
14.255059348328913, 0.9541438692674834
13.743640782173127, 1.26188924073747
14.059359814784404, 1.2210906839270377
13.279930205607588, 4.183478519233337
13.841416042163543, 1.843695589643618
14.499986677910169, 2.4564969513395187
12.872209557765796, 2.4169992629296493
13.454342525550603, 0.8314050492554351
13.145827610830793, 14.511053957108825
8.880848228080797, 1.0090554179844289
10.971006310519297, 1.0213164114167015
11.728090671744802, 1.0736314782505498
12.055772861483938, 4.124000030362822
12.710400797958432, 0.9449785519955264
12.40573393052956, 1.1445069786158089
11.78472659651653, 3.5082777520774346
12.433535256336652, 1.7773289898998916
12.950366056873404, 0.9494281151551214
12.912020439283355, 1.2075196712699878
12.1693118084579, 0.8698816499266493
12.138918993332492, 1.4332793354970375
11.642264249073154, 2.8583328995141084
12.432122372974197, 1.084250166480939
12.550704127785616, 1.6723522640031656
12.93360897366219, 0.8997439359802891
12.476531709919652, 5.600749184184509
10.390556511567173, 0.9490178098368495
11.419763849179672, 2.6504869340201935
12.14104701487964, 1.530495529358984
11.191055594523379, 2.410994265829452
11.816653875832237, 3.5133605901561684
10.021134283652248, 1.1651894388917314
10.688848581831486, 1.5930679495979299
10.10935388139251, 1.6376488784819472
10.737872138933902, 3.269300651049023
9.312547661986038, 1.7032696654085817
9.510790434865841, 0.9394896987542922
10.187590223363907, 0.9178562356901511
10.397756533986891, 0.9335892595757427
10.53652353412725, 1.2671480611397952
10.102993138002498, 0.8983710137609416
10.335974063648505, 5.229536102205117
8.89248061238344, 0.9988047088171178
9.997324098081759, 1.8530791125174313
9.645420972861244, 1.5362718179697332
9.777709463563946, 3.5919174331968025
9.419677052487444, 1.0826863036995926
10.31836556831011, 15.700015734329297
8.130554945813959, 3.219346141877582
9.976363786787308, 1.0412291310204087
11.597664615713857, 5.927540832158748
10.947670728407916, 0.984762392138584
12.30770405594806, 6.408966354345418
11.4563231960807, 0.7910823052542435
12.996770673628966, 6.267414771477559
11.999038888784167, 0.8107757554901547
13.288452899530302, 0.8634241769481587
14.368772254402364, 7.29303725498579
12.673255242050814, 0.7399333076581726
13.899049060533857, 0.6930480969901579
14.485762872492224, 3.287190433559914
13.596180246074939, 1.8447289258632626
14.984073592198216, 2.3103941355829933
15.859642220866938, 2.229120859890623
14.657454134323062, 0.7684995844923417
14.617783450380639, 0.6980751517786592
14.894642270160082, 3.251780231026634
15.91934368445249, 8.298083544127424
13.318645043472294, 1.6625058561175277
13.241069796309358, 1.3660508873603177
14.421191168824766, 4.06655360416563
13.155779787283373, 0.8516111789858972
14.073234850218824, 2.887931505551164
13.246932478094319, 7.6615652583685
11.904439961582716, 7.187870026048619
11.400496745599133, 1.2453636129847874
12.72648523543675, 3.962829061481395
12.636078486690943, 0.7428914930187202
14.216032670928385, 1.5916287216731293
15.562494028605633, 11.235436907845783
13.203759106433898, 0.9696807808772934
13.89598250028326, 0.9110823621641748
14.351222583227289, 3.1536178877707948
13.85361312685003, 6.395530795908226
12.947347148400059, 24.823755429239082
10.339937778926881, 4.534878406605943
11.284843594123078, 1.6629235481237514
14.1934900211764, 7.189221259774508
13.238218942444469, 7.625623768504582
12.538121305850453, 0.7601825245004552
13.829275247748935, 1.6635464226109449
14.221647808215634, 2.0016705517130426
14.390438854653725, 13.216415913636439
12.756308157527718, 0.6995253313807668
13.93747509105421, 4.952260275661887
13.53626403783509, 0.4350099063532874
14.759010509591606, 0.5294462936249023
15.41424177469218, 2.7562025064172597
15.107029653128162, 27.577315676251615
12.263592176457674, 0.889807515924657
14.304803165504934, 3.0844778748638744
14.152889775050008, 19.425531389565684
12.101995584138542, 26.19524658039479
9.852251776859317, 5.233709502214746
13.563618269900457, 40.230332740233145
10.186537351273653, 1.5916958564071346
12.851371661740231, 11.959417472643503
11.613628454641145, 7.782855675460752
14.936483746536679, 5.756012248894784
14.111970144461711, 17.249040221440826
17.62731844717996, 0.2989750478409986
18.031068292568733, 61.66172533582352
13.136887306752959, 1.6526122528976774
13.386900100937407, 1.839016135243775
13.519992805041353, 1.1588928250314106
15.088081392468027, 27.400946111290477
12.241517991084327, 0.9725387391122644
12.84768099521319, 6.718328547865937
12.121019202066364, 4.837683500073748
11.776057142409387, 2.3238834730467155
11.960216494289439, 8.149750946726066
14.921113404956444, 0.5019213556498512
15.864223183757451, 107.71325870996507
9.80923560332545, 3.8065321341058094
12.652526628022278, 28.803426770116275
9.916933386376066, 3.7893271636212065
9.963725114989975, 0.3460023065142744
11.273549999337545, 8.422216264727904
14.275183828666881, 4.973457610711966
13.506221696780596, 12.852930498469979
11.933722552052348, 1.1307441717582303
13.48479236552498, 9.44741728350254
12.253455258133574, 4.353700347096111
14.41332729214442, 0.5008395632504727
14.628216074269686, 12.559171216518031
13.001203010108021, 8.89298862090997
11.880381269823435, 16.515028284739504
10.173331910611351, 29.16160056214373
14.737881356477189, 37.91261211693571
11.465431541439136, 37.726929312253525
16.271267899134255, 8.144161378366903
14.835679871220028, 6.49697750644397
16.854951072358748, 20.545021415691878
14.31259655779853, 97.90966435935958
8.542903342815595, 2.8192737117760043
11.03375452675299, 8.507422860752635
13.932986834290892, 1.7083877863885226
13.705228959068833, 1.1308844485179141
14.899568684883954, 27.532140151233904
18.59332891227227, 8.471799586685263
16.79703237545388, 24.96512126367601
13.82565847223312, 5.870239683004173
12.826948387175328, 0.26987686621396617
13.555783711309127, 36.0046701222947
10.208241354464556, 3.1281808874942514
12.3978231257777, 0.6102250856142396
13.507904753616565, 39.52402375360014
9.978591505329566, 15.874782218608505
13.723981463381486, 6.11356600834972
12.668784617791363, 3.43375398291251
12.148445538231034, 10.400936834044622
10.747338408283733, 5.944173567963123
13.233216115466417, 4.44989616219995
12.471180888901722, 1.2135270860516358
12.48332734616379, 2.1778581781079023
12.225964930983956, 2.8349878745969757
11.851716687367015, 2.191974252801885
13.454921440884181, 2.484833866462348
13.019674016407166, 1.7595961754247815
14.357143682844825, 1.3468933762564428
14.099354650227932, 0.542826582395254
14.901742925748719, 13.228979426034295
13.046885733026418, 3.72941044866516
12.420126725056235, 26.442131494483693
16.165894511984103, 12.002579089800864
18.421923207313686, 6.367657511386689
16.910027501448432, 35.988565995348935
20.565009895734985, 33.77100073034698
16.77580555640044, 41.35633514582807
12.912634608329608, 53.20557366770698
18.1046636133494, 85.259162593494
12.109990913062724, 6.181309842835292
14.460538584076092, 3.483768018461885
16.054502960577093, 109.02067098195447
22.918856755293984, 10.400052250606873
20.092376753221085, 5.148979043921661
18.293775418874688, 16.37831471535428
15.422372850529195, 0.768871966464136
16.165453364772773, 0.3463859845352559
16.306275195573193, 19.09625332723635
13.420596246375485, 10.724711980347765
16.247316654024814, 7.999046617293783
18.358034588056693, 0.5487693126591667
17.96353639137094, 0.34731020521760675
17.94845593048326, 14.469713350868163
15.261076581189712, 21.905902359127015
18.809133668387812, 0.8715183991789245
19.16899558300428, 1.6196794840339908
19.77086908186388, 18.575511661569827
22.460936678326483, 48.59439458019884
16.79826338431627, 8.994582848077952
19.01580930507749, 20.755993599315442
15.502582622204745, 4.903358276357572
14.19041534846614, 0.5704733846967637
14.339134606831045, 1.2595220902724813
14.074277473847195, 26.46318209736512
18.260586058758264, 2.3662343678877265
19.18281569355234, 5.698393564785274
20.63570028579047, 38.31304779584376
15.597219832346324, 5.6582438566492455
14.106245053965578, 2.7986907837112494
15.72865491345231, 1.4754510084833337
15.182863345319202, 0.668283470554321
15.851839184376214, 14.962383200511837
18.883728405957147, 0.4711164514074697
18.534755602541942, 2.64297031921348
17.259880135131702, 4.104060344270094
18.69973677005817, 4.613574804177103
20.03369829065843, 4.995706179750328
18.069136642522125, 6.915435827287639
16.05493661844088, 2.2378649897553693
17.241971232081145, 11.438661454117064
19.70902245648367, 3.5826353511959743
20.704662304509064, 9.48655302149573
17.972041076942652, 2.7521311962961708
19.02212499204155, 16.31336658999447
21.724484726308425, 5.882865122907938
22.867160596133115, 7.681574745522527
20.06657151238706, 1.1992245917555657
19.045437126878372, 0.44642458491221304
18.878017672617137, 0.4413141107380117
18.721337233998153, 6.812962909465527
20.41055689812054, 6.047941174728652
18.213135480771253, 4.206546509009421
19.547074924055515, 0.4861285072810145
19.41560211686394, 6.787874401805366
21.003522500439797, 0.5239665483259931
20.304151588245258, 0.9220753665764275
19.394207017513057, 1.9679650039040073
20.046648021716766, 6.009164829754995
21.4297772060893, 2.763263040841102
19.753963815894775, 2.244683642872614
20.438967328518263, 0.9969159229806831
19.48201916801616, 0.43548761537227915
19.295614696631098, 6.330630129118583
20.827676467532616, 6.614657739279481
22.194156109150978, 1.8662091868552206
20.680470454986743, 0.7822357613012563
19.81939323662754, 2.454615181664662
18.46628066782073, 44.39210302578866
23.06549315911357, 0.4571317836479498
22.275793888369073, 0.5639043793944679
21.379720554975105, 4.801591815904428
22.400834676454178, 7.5748929432398855
19.75773284830003, 2.1927778657183654
20.44673387450523, 3.247447868745327
21.29763589237328, 1.1015124481366516
21.410092190023988, 10.45757041314491
23.203128590251513, 3.8520136176881383
21.091076470860425, 15.20561153787455
17.779561813563994, 8.170554365633132
19.809681268425628, 7.0482204933319625
21.403148355359487, 0.9316184206324474
21.42380767174093, 1.7557343997717447
20.071741765167506, 1.4822769613826265
20.511540698569068, 3.2523825857272133
21.36597755525021, 11.065249380436185
23.239149474563614, 0.8135669664306765
22.054053266727458, 0.5067713335749643
21.70153173275577, 9.775558199714125
23.388443280993286, 6.4445646880231715
20.84029358726164, 4.312020516895408
21.87307561387582, 2.317806898521944
20.33447232214426, 14.086147602072156
22.657218886619514, 0.8869499856985059
22.52497489011552, 0.9840178838202436
22.466668704281552, 1.6977797832093475
22.69417995515328, 4.194005917520706
23.475304674596657, 2.805781253908946
23.878717512622224, 5.241006007975805
24.698734002139958, 0.4809427525652085
24.046180582947013, 3.2679070779355213
24.50084664585864, 0.39889826996844513
23.670020810960885, 4.723152978175253
24.451787296416263, 3.5482482419987287
24.932789706222568, 12.026963268682081
26.491282469142728, 1.6800134013566166
24.685707196326348, 18.567256519448215
26.857452719042683, 0.4672287842354797
25.648086463175417, 0.3979089584123527
24.911821717078613, 7.294197081991922
25.965763719103318, 1.3468605495315482
25.786866532664263, 0.7750548224179513
25.40365737864956, 6.574782835876196
26.323130135892914, 0.44824836213526065
25.235188563163952, 5.94021858893209
26.095552738602407, 7.68066915420773
27.097173521530625, 1.2390708540758644
26.82304063715034, 3.1497635879235992
24.81084736303934, 15.581875788153111
26.732833800897318, 13.029426493643552
28.24726888185887, 10.916788082740261
25.023739899984264, 0.6705352631924011
23.975814446267513, 1.8733743650252686
24.27906566872022, 27.947813017157124
27.120113550842582, 5.20958488223884
24.7771794164108, 1.3197524133327574
24.848508435649407, 2.4334117508153565
25.209084992177555, 2.266874840653038
25.498693691128505, 0.4989651696656729
24.538310845395543, 3.548903995973656
25.160537150621757, 6.06641810552922
26.103879688314457, 5.242618373228817
26.843393345990027, 2.9415835802634773
25.012122651489065, 2.8077878530824587
25.462238593231717, 1.514386594164178
24.129527875755997, 8.537741256179606
25.47581819113378, 5.994026397947227
23.331508845665503, 13.306906521697773
25.214933157069265, 7.8847385608941885
26.3882887694568, 0.6822172932597533
25.281555264218557, 4.992103986754208
26.085537108611103, 0.25014031956395527
25.385390238088604, 2.346192782673133
23.89764526560758, 11.626783207556361
25.574430211931087, 20.24344094242893
22.148375945231304, 32.7993807880251
25.42940516597852, 1.2121155610162055
24.22896756353753, 1.9061342509747086
22.9600793388205, 31.935803333977454
26.123407272992033, 2.1891123478973573
26.368998370578, 10.7082438482803
23.639606598694705, 0.5962783860987351
23.638206592735582, 6.092434253595882
24.77028921991099, 33.99679915769396
20.573735902685844, 2.416854203758175
21.42975929709233, 4.238996526872814
22.525673876497972, 3.5317984000650817
23.39520498121564, 0.2816949070178414
22.889205119130555, 0.4742115529280843
22.267035127591623, 25.442813073683258
18.8417734245489, 33.23661252705999
22.544016734361744, 0.26389083409490827
22.156268814206705, 2.2116959272307857
21.022244111010302, 0.36796476382100285
20.662345107658247, 2.803907876342603
21.59079999522229, 4.669188916285122
22.73831080558201, 8.218099737597205
20.64398146892446, 3.5737837662453558
21.715320710350305, 7.099442297587231
19.85663559773555, 3.2667247509969917
18.74583081618876, 13.974018395948718
21.19832380476108, 0.5708439162343528
20.68533693449255, 1.8690785400689185
19.78294971555697, 8.291293950233268
17.979578775474078, 0.4722415758508856
17.85835052930247, 0.7323531425707137
17.61131997057326, 3.467503764253005
18.98491588322349, 0.5985861708801005
19.457907831109587, 39.45214513954172
15.504554311830084, 4.541373539319407
17.301246584079543, 0.4848008387186592
17.88396123218058, 0.3646607386062371
17.85010800045571, 2.179474709790308
17.16082514760041, 9.684209606975635
15.46670887407136, 0.26839318862732775
16.039701643332513, 0.2334252236378802
16.413985549678515, 1.9010022156113968
15.94115475511926, 43.04305014712171
12.145554275015149, 35.72265455558677
16.877483637340102, 12.14419825487728
19.38903316308711, 11.751798830134971
17.233097788945933, 34.184798617164645
13.70885683246668, 11.812457402079444
16.60388530513525, 1.0053732396808939
17.495675513716883, 9.190173551176958
15.777892375888227, 2.4781877572764968
15.220057008892644, 15.990001838764911
13.095072429920517, 11.536422389360414
16.034472715849088, 16.96042254369758
13.742547295752763, 1.1902570054731112
15.021049484776315, 1.9213295898839096
16.35999591031472, 10.348289274041308
14.633446432805465, 0.9789205521657238
15.726147469359203, 27.019936104988254
12.75912066828804, 0.4361823905748365
13.237090648733387, 0.6382312013449851
13.521700797771715, 1.0405964306678037
14.754854007569419, 2.36972512962865
14.318800595584323, 2.970009096299364
13.803035566538211, 14.152977955055569
11.985163697609359, 1.2932923920724044
13.47041434559966, 10.09478253770362
12.07268305530802, 8.667874208328932
14.763697660596735, 17.620673502369346
12.572310221080114, 23.3399907535287
10.169941951389626, 0.9390164555323893
11.721795180811085, 2.7852461525285683
11.501910219509051, 8.066963893490918
10.517434890033213, 4.203006548431434
12.760213269629004, 5.045748858732892
12.040239121850055, 15.088780899194274
15.27239291742039, 25.926379764671456
12.482166703562328, 2.0366535745807677
12.330566311950621, 1.420727915858799
13.755243568734043, 57.2108052668064
9.528981310557407, 29.695940085458755
14.12182468945014, 17.86754716528908
11.96043521761511, 15.134253619115148
10.213954182605521, 1.3020251630026265
10.486038626541873, 10.698834943614894
9.28549139074667, 0.36125294514781814
10.536960921362665, 1.9177248364031814
12.25789927194911, 24.456850178399836
9.824985022898886, 2.1963826199103944
9.868280603327628, 14.461070650411036
13.225470621465945, 27.010017732599007
10.555839466823995, 2.7456250397164723
10.395390410746783, 8.734263284202807
9.399036867245501, 1.6945455175877666
11.139604630856754, 0.26780065491363514
11.751651186143578, 0.3653095692156421
12.200028029329404, 1.871419974969625
12.05441240351461, 15.062473996684696
10.336146296912418, 6.197111887889963
9.639818833510862, 1.9222626472948703
9.715691130183084, 7.541151619988999
12.286790039753775, 4.082541040901012
11.70719416175604, 25.85494580133855
9.28959382966219, 4.882140615456765
11.5482823491353, 6.724000423284641
10.673373571713382, 7.556371944498984
13.09844156476599, 11.685306684146047
11.591459820215855, 0.18229654082401986
12.165183625651483, 20.083908266699886
10.093024326472566, 4.670852576358312
9.604055537547065, 0.25230349963665244
10.633034830106807, 1.927246119292872
12.177987410292454, 15.772654852353064
10.423714464024805, 0.14560418147508122
11.168224352011164, 5.524134099318572
13.228421087201173, 0.18624613625850187
13.873156350701507, 37.70470442815286
10.728956569920063, 2.7516247984607767
12.4067868426566, 22.58549263485324
10.17823471788605, 13.7224117832731
8.735641080369867, 1.6366874563113698
10.355802724638805, 1.018688053278951
10.52756722681142, 14.275315173313455
9.020525761183146, 0.18585583291133573
9.723399197889695, 0.3423797336687169
10.216494705727667, 0.11496845446417604
10.9089744404397, 8.822616184850455
9.854701944647708, 0.33397399555268187
10.320661877534093, 15.889485351943003
8.72223183238523, 1.0882137503272342
10.129480607078014, 5.137631541375578
9.541443576522372, 0.3055450427884895
10.025006798960051, 4.025453541178226
9.592989650959543, 1.5839929960051313
9.626539269326207, 0.2659971020107194
10.59419968223052, 6.108210038131477
12.612738792068958, 42.04701226068721
9.49572515084321, 0.20532040218132896
10.019342214182311, 1.5866685402496332
11.388900263191367, 0.681007170859348
11.513242922405743, 15.679843563749348
14.24754506855878, 5.716730419923499
13.285584792180588, 13.59150427882505
15.706246679937271, 8.410305587310981
14.363634446199326, 37.41744976885401
11.35738604352687, 1.3626704720930642
12.55095849103828, 0.09376824854152402
12.894296603754919, 0.3099703875764459
13.046226010107338, 5.374541380241862
12.207491880812087, 26.990830503800474
15.5265206570608, 0.5253655503750032
15.380026859743868, 0.6249578270076336
15.207392956280229, 30.467993538229837
12.4832103797506, 8.467261768254948
11.356216165308853, 3.6821734577556984
12.952150715946622, 2.1655998603117586
12.580713086750961, 2.205156486706338
12.228558148336436, 2.030848274723988
13.471139239041438, 0.03375838981633242
13.89670743414389, 0.13562129196177558
14.061767196482975, 0.041879260788509745
14.314837781148961, 2.2813056929552387
13.822913347313097, 1.6302212487953136
13.491659768882505, 21.13152260702681
16.315739386215842, 0.46867751142067704
16.12114730285573, 56.35769844324351
12.311663982794615, 1.2046941969433727
13.359680461455474, 15.758160319625615
11.606566692555358, 25.044651435486763
14.82644210771599, 9.747112837430143
13.4268419668927, 3.306974745100865
12.825667499159007, 5.859870837408409
14.542860172111965, 0.41922894315193693
15.170561646758044, 24.879414737695214
18.057653898252376, 26.486954500039875
15.358314897070057, 35.37683648840765
12.404541099275844, 13.702199702632363
14.856656364776702, 34.88002512202362
11.94715812266406, 0.652237623422423
12.858907117595166, 0.03173084716472232
13.288634693615448, 0.07451548648104356
13.785770654214938, 2.9336628880695983
13.209578767418499, 2.501342278836835
14.438624367617631, 9.744351342500003
16.393225210659725, 6.634901446164056
15.171606796205165, 8.935443882003021
13.814202184492464, 0.519029148301754
14.528347622219687, 1.0547827919329928
14.266628184839073, 1.4212130629034134
15.198897817424399, 0.32688580081189983
15.13185961596688, 0.8492652863809645
15.853096849987097, 0.006545173989636346
16.038803372179082, 8.318587714443163
14.685144474729782, 2.364795991784057
14.139225444142365, 52.614526033656894
18.274579252649975, 11.511623318369052
16.48773156919825, 0.06182284316147949
16.743855572688638, 0.009009037120147863
16.846236287327535, 2.57063091465748
17.799369895929633, 27.309111019189785
15.079092821878291, 53.87540196943794
19.19907283368199, 0.4998042547824382
19.50453217672529, 0.6124117342936853
19.828347348906405, 23.749010775849897
17.13100872621561, 3.249670364579394
16.26117804907899, 8.860078568882548
17.993687823274243, 8.316156731001763
16.484943162293554, 23.07926263853606
19.16882652093636, 1.2024482571665978
18.526579837824592, 0.16450035026661117
18.306489266486295, 4.527794985843132
17.17709533956149, 12.428438275831219
19.129708702822413, 0.030377462530730124
19.007520854251574, 52.157732077936316
15.108878494188806, 30.653344191430186
18.311627042370134, 28.484048161765916
15.444682006496992, 29.323719434635468
18.570231145635933, 0.3198750099512656
18.836643547843835, 18.36294984632804
16.48564635959468, 0.629330531349742
16.203147236114507, 0.6516945761623573
16.783659659331057, 13.62321459239974
18.877277016469332, 14.62683619363145
16.770203483227178, 21.75456668276943
19.391118488049145, 0.4621179394654516
18.951997182109295, 19.166314348373174
16.534378623802947, 1.7302192402100058
15.959658568641027, 1.1062721772139905
16.694090594039825, 1.4200925401765827
17.44758525392381, 37.88357345395998
20.81119367824989, 30.632078099986668
17.610933292223915, 0.755029576229084
17.199081387487926, 6.387481082218698
18.643517039042347, 0.18589050864989218
18.817963518669078, 4.661444991890403
19.934691825462355, 0.12462273240084057
19.96073837256057, 18.607985629119916
17.490752901682296, 51.10045687408919
21.40182843332393, 26.566571445723145
18.337501097550376, 3.892369090070515
19.397305089342417, 3.7890471720755916
20.359221430304622, 2.239699557248098
19.38458357016173, 9.301280715689172
20.948276330781116, 7.359096584642007
19.258324909559956, 0.35452848552772764
18.875812085782457, 9.948766020361068
20.535639986174356, 2.0543430818338564
21.126658916198473, 0.4039536090719848
20.576814275075968, 10.359752600332655
18.64269975104027, 0.6139744772415324
19.020882585865508, 3.52455327653316
19.97277831456211, 0.10764947343006011
19.702732606332994, 5.374152582680383
20.84023210062728, 1.9332308700361864
21.383041305241267, 7.36214116214655
22.60387357976532, 7.004935616422849
20.827421613424324, 0.10014485905724464
20.49997501821603, 16.968985776014325
22.546636648696992, 6.854441960386385
20.79149826190657, 0.19433084524820934
20.38515763025567, 1.6415530776219094
20.904740689597897, 11.945824868295194
22.56206690244988, 0.08626608322658692
22.122143213391105, 2.843250681818997
22.72823606913338, 29.50641347886591
19.43047567399774, 40.47548680438472
22.76684256901683, 6.371103071526525
23.78278689683957, 7.14301013824697
21.895893978419235, 4.83308658270845
20.42368636781435, 0.6263113560475972
19.8447379224381, 7.093952618669837
21.16212374826964, 0.4064491717116122
20.613727901331455, 1.5361846676728623
21.09578365386707, 8.521511037644933
19.298727734185487, 4.392885178865065
20.350717902895262, 26.88135323317829
22.98380771465622, 1.00865189488898
22.085448193795965, 20.09190739042743
19.35338762598814, 3.275648724008762
20.24805290641683, 0.23748064600162397
20.336087462095097, 19.883746072952107
22.58398198912788, 5.835653640373692
23.55490024223058, 13.951209677268325
21.108458570810853, 1.1005220414167165
20.33448750232572, 1.8478035267521997
19.450851543197317, 9.731040091526904
21.047728356979988, 0.2581990191103268
20.586521491166202, 3.3942595134863223
19.419720166335967, 0.6975972951514233
19.775516040425828, 1.2707810573424665
20.26441562887574, 2.9941022078105264
21.04313204164539, 11.221902582381414
19.02253353254306, 7.3409424819113935
20.429682639709007, 1.099553483325977
20.823457607039455, 1.3078292573706358
20.022976095926982, 3.097477024566997
20.83634404692541, 0.5799230500006797
21.0394145562071, 24.42916243843164
18.15982550194306, 4.876564424473686
19.365917049352287, 3.4573435297992052
18.29011408550067, 7.437295244021192
19.76510671388443, 37.33765786368003
16.348327652316517, 10.325236305765692
18.25303752803641, 0.30969266257702716
17.984543412343164, 6.502207766314316
19.392334653545973, 25.058572678408694
16.595154145459958, 7.455005521869151
18.21927911409226, 22.180109111500826
15.670225061557263, 1.7080547089666749
16.593645906743376, 0.10127314072929894
16.863265589805103, 3.327955188385826
17.97028394554157, 21.55129175352772
15.476975032848168, 0.25323974836066243
15.958340031969472, 18.4883486791504
18.49032313932263, 3.452999344893743
19.481679997916586, 19.685277265583384
16.97427394544664, 2.0044859556512935
16.323113053972598, 13.695537577717758
14.467860740497553, 57.476958852027586
18.929534861853206, 10.173523775569688
17.13388753946185, 2.182099719743402
16.43094503380365, 6.4057816794683875
15.20082232638841, 0.7651860313421343
14.996424473782819, 1.2572327671900676
14.668473518104703, 0.4058493384187333
14.646251099855817, 4.580249984386514
13.778672529988333, 2.1492549570966517
13.357152084780834, 5.48495399568883
15.050878771861207, 0.13367533633827833
15.472706487583231, 7.603017707525871
14.199947001902888, 26.2103920032793
11.726610664395082, 12.214038441955939
14.206281328792741, 12.884337199400271
16.507108700015085, 27.242759318192693
13.794698132898366, 1.0942458165487456
13.604660552014957, 26.281324905523253
16.8069717619777, 10.9753150456876
15.111642261054625, 0.213588056074914
15.587343550976346, 3.7206758736769654
14.754754502195404, 16.002176864074638
12.844734639638913, 54.941641257879816
17.380603128045717, 12.215664044917938
15.527778455543478, 38.93675069660606
12.300086536313678, 3.43707779380645
13.824974178736538, 0.11255341260815918
14.3068275205386, 7.705195267819281
13.0978815521855, 4.598260470216339
14.708685938912643, 9.275911933214598
13.317543762610931, 8.468646322107231
12.11381802357028, 7.557618603778685
14.148499481698654, 33.78399916683523
11.265392935643815, 1.9734264347187636
12.620483403952205, 13.119463915994197
11.07255232494893, 0.09124796531754484
11.738902884286272, 11.134703487103437
10.421703708514304, 16.310512838337853
13.325614846610991, 116.53110200870083
7.744914246606377, 0.6093571210139896
9.047497434583299, 6.312984082167538
11.234270933062549, 20.488471417942133
9.27422479169592, 0.9018711432468055
9.508301855903317, 7.255023464066146
11.73825201314716, 7.3771308820233585
10.756723306528862, 10.165219286403673
9.588333341784008, 11.161309440176186
8.425695817018994, 1.5174776665122143
9.906060047464626, 0.21470387923767337
10.365792848426059, 8.204273880420445
12.578190986879997, 15.772369974724771
10.840346912922362, 5.004038312798334
10.196491570229249, 22.239161229223527
8.225521051641424, 2.393761079776746
9.883498559214916, 9.30464094570808
12.223781776968776, 68.81196468314927
8.147573920510121, 0.4411864420703897
9.294724206006093, 3.0824423467557356
9.034857129695414, 1.2407099214210722
9.156125346655106, 1.7821267817690112
10.59087902711198, 0.6176766768227632
10.764683376993263, 0.4988361627357961
11.702495516193572, 30.655594232454806
9.188985542459383, 0.9443375172683246
9.367373691333727, 59.59073478139745
5.820755159958441, 11.293950535673156
8.67882327067117, 0.5247112233359296
9.031795661356336, 1.3674412115298216
9.100826638022273, 3.237004454797031
10.76448019249834, 26.910889509157727
8.514382757183041, 11.82184325808067
7.371684168027477, 19.877891244052112
10.637581250260398, 0.24698752772314683
10.942294314171377, 21.931097988410816
8.955305445104202, 14.892435563243344
7.550687485290049, 9.02340949903853
9.983474566289653, 4.061605889536708
9.501418481158689, 13.734109858417442
8.143098642167814, 1.3895671086081147
9.513046428170718, 0.12353898294646881
10.31041253412166, 19.31528519137568
13.21113919461202, 11.858223906003426
11.735886981620832, 0.2987445334128344
11.903235061465299, 63.64833595164233
8.122392482606527, 2.8979558286636333
9.768864094893997, 7.64628767615595
11.842781066014028, 1.095157771384346
11.730514978392074, 20.77849900256642
14.581091742946759, 0.5935960505360768
14.409806542440023, 21.701880626997475
12.211575479139027, 5.439939374928886
11.390164862175466, 0.08541336029010853
12.006969072944576, 16.43661425282335
10.292899969920906, 75.01027324098284
6.252172531822325, 2.3024768692367723
7.941777182499375, 0.48035057003499154
9.035235431945166, 4.467182310661995
8.553507221504454, 18.376309783116845
11.511307870176044, 0.2492071106829891
11.699749910353741, 102.73579584226079
6.817013926446234, 24.075535865815723
10.279057083918309, 8.620062051250008
9.262610831900309, 0.015172339910943685
9.8761659749267, 0.595255775931416
10.038562335448859, 3.211071214337425
11.537936271032484, 11.19604626563326
10.22188224175414, 25.95329716911135
8.073701627028212, 10.715644076999608
10.513518582642421, 62.54813430829633
15.17473868926504, 0.9680479787385229
14.832325717932841, 72.93411676689142
10.574247423134631, 0.25907859936448974
11.349170848646619, 0.005748611398027186
11.809183467611057, 15.393834298728658
14.287028015461244, 6.05220587902995
15.806005550204983, 36.88920337635924
19.085689497330634, 3.8463719271690318
19.995724961110724, 257.5593831253644
11.41212150162147, 63.97851864581032
16.170641270208613, 4.864324009172419
15.088057053892165, 62.40391132861182
11.018794644567432, 2.5936303242205794
10.634842970893756, 13.91100507450713
13.179448025708938, 10.602456311220775
15.255872031057855, 16.96657384271124
17.631419818387478, 119.80063083690173
11.717192376756387, 30.10269394769652
15.157299066442214, 0.6053152090515246
14.919713663530791, 0.3272682342782555
15.399656682611019, 4.9551685710984685
14.344747433383954, 14.00313817531171
12.538347051424667, 42.69565121276172
16.478475621917383, 0.8464785125315394
16.05970618622743, 34.97015570357426
12.93358646054255, 14.89943904720917
15.390807013689534, 5.103252745201369
16.772124319817426, 8.849492973750005
15.196216779857924, 2.7968158240374215
16.26986586301629, 3.899394875137668
17.425749517310656, 29.384008000552942
14.460748241169776, 0.7575920211112201
15.14532183884944, 16.461233188153482
17.530721131368058, 76.87822797660158
12.71153050637903, 2.4995715605765687
13.93751638250494, 3.26151214640411
13.211979988320488, 53.06030712162642
17.547153237929482, 26.170310406764667
20.342186446790045, 1.683935676081954
20.813029305217025, 8.26307391578244
22.12421068293219, 125.40900997134688
15.523327617749114, 15.204676176279245
13.486307625637982, 5.0796974579048735
12.531808519286185, 62.74054148245684
17.353068853136442, 29.882801820450727
20.403992011758824, 46.91919987817613
16.296221258246014, 17.393382198939022
18.721803307816604, 2.1490892923866998
17.796269608670507, 1.1017916652900457
18.32577552554163, 0.17919357556910803
18.069736559484006, 53.78733138653336
13.863078636178795, 29.556348334042905
17.22260340592705, 14.51294645269587
19.37976111302945, 0.6146374873737719
19.62177582434899, 1.3039036428732802
20.058903697864668, 40.48846264076267
16.21804840365316, 37.141088737608364
19.76182101700264, 0.6520896842958542
19.135963705118584, 18.47536637894268
21.424776975058418, 6.886821157081547
22.57637607221713, 3.80333173871856
23.248136208914797, 0.13247462379831235
22.67158412889845, 4.832848902184485
20.994237260179354, 0.7896621632585489
21.17138222743816, 16.013720460986335
23.126028984708274, 0.32479719301392873
22.388222197331444, 10.254581016948238
23.792636898355077, 1.9850656060876584
24.05578735708773, 0.28778068922436906
23.27041006326922, 0.3008834560202582
23.053223225029615, 1.5203256414196897
23.27572338786917, 3.727697960075726
23.88448571274232, 1.4777793320434165
22.697942670068933, 5.186725073353919
23.550507732394554, 0.095216646140329
23.094198011060385, 9.449022687700198
20.911627920291366, 24.456969490020793
23.404799398415655, 1.0775416686048058
23.49045052494352, 0.22180047782803514
22.8040540543779, 0.24025029963570868
22.60008029858106, 6.528067442829277
20.761516733730925, 34.22244129933814
23.76710898592707, 0.42478374881464825
23.593203148327838, 2.5550399874041454
22.22122301560314, 18.2856383137878
24.236842753489054, 5.026099552477734
22.44610055266743, 4.91224348285765
23.28788467626324, 10.871586758193596
24.673295408167572, 0.40999835809014146
23.787465784085047, 27.825093171741994
26.240424380651383, 24.576873732665536
22.74266477020884, 0.2511521422327655
22.56383621010047, 0.09187985255929754
22.108506497185317, 10.394997906772902
23.54489995235065, 0.3191751870535525
23.348024109971227, 0.351021018440239
22.602751181522706, 0.09023128428893333
22.142943479155107, 24.19462585912946
24.516461762053495, 0.674463128837644
23.541650930655, 21.785469110112015
25.671418512308712, 1.1121059520892658
25.608796231154418, 31.564340291881916
21.82727868221691, 85.5442212296277
26.61710166661303, 1.044280255513627
25.356649707143934, 0.0877930137173923
24.737926484089805, 10.847278368269656
26.02181405704226, 0.5600915526181595
25.755962663086404, 0.2521579679652843
24.89658907196644, 39.891278822564956
27.847790274123415, 1.507321584967814
27.728202039578065, 4.935207426577477
28.1892380609443, 7.31807215584624
28.89088104136626, 0.8724550828612951
28.53050291791125, 8.611890155081968
26.06546674867564, 11.375032138921462
27.298245991166823, 3.2237557614996897
25.58767230622025, 0.5921718076300135
25.401758107139084, 31.40152358198602
27.90638231358682, 17.29180756502464
29.44495809302605, 0.0940986724409427
28.634466224589005, 0.5971189043380113
28.22920986088814, 14.715268463499198
29.567403454599184, 0.18232509186040563
28.51451138440331, 9.099789369075818
29.383726383207502, 1.9319195756164498
29.29266914405382, 1.2675897942955379
27.85720758816882, 22.76151141464102
29.72818029231928, 0.1473761916597843
29.03554496458144, 5.962048670044511
29.56223826310174, 0.19488627401002928
28.936666632094425, 16.5930684504059
30.357226605624227, 4.353761319923955
28.345183528959907, 1.0418129638568439
28.15800365058017, 2.6234768839270095
26.582445249425334, 25.2006765825418
28.658245344103552, 0.3658488583151795
27.608318561727845, 19.354792128159104
29.2882901001765, 14.329157074699436
26.473949605431738, 35.01177526933611
29.028147184765228, 5.143655659919635
29.482632138142677, 0.05988178730683642
28.607807024435292, 4.725300894288525
29.04429776899436, 18.731616430204845
25.991485015355593, 27.403031826889254
28.2112829794142, 10.020675628944234
29.203793101142075, 1.978129747963562
27.711975432868584, 16.98982464491963
29.239726191653375, 0.02129911643996026
28.529296193373938, 2.485093193683404
27.009569762795987, 0.8538537325152812
26.910325208763496, 9.36406992667486
27.93314333290979, 3.419069313889448
28.25908368467669, 1.3211378917845416
28.199689596264083, 2.818654485946955
28.422658942064054, 3.135492102006516
28.68056651670498, 49.49553326031089
24.32284905926587, 11.759397443079608
25.701944828027543, 27.260561008799968
27.91506298823596, 2.15110407149816
26.525287072844467, 4.03143067812742
27.034587332098223, 16.6449219137917
28.578656682421403, 9.223899010222148
26.334360451468477, 2.0371628914330375
26.560958713881252, 1.357217723329943
26.639774062679564, 0.7060424181244871
25.6739304047309, 53.33206960414368
21.456633005721866, 78.80151242312986
25.779669819246173, 0.06052623148572111
25.449529514550566, 10.76137045615828
23.306319591953248, 3.5371654425735057
23.964452837693365, 0.29490905281183166
23.323561319397477, 0.32969010347523087
22.709323862902046, 8.96663513268041
20.90635208287702, 22.59976711057518
23.178579100889145, 1.4500465849141029
23.50157815046727, 0.6719886196931443
22.75450033818366, 0.15596464779144917
22.704539178217253, 4.511668083853154
21.349806228623873, 23.693571908259223
23.648280943427405, 13.546707298783922
21.434413531910156, 2.808068911813667
22.110001302108067, 0.9336585409721835
21.38177018706247, 8.802395746071337
22.71482399139936, 4.936411335079346
23.584419900678636, 25.377232520287908
25.827807667393962, 140.4164936771151
19.250893760105324, 13.303388806628096
21.082903027067, 4.259741596316669
21.984529238701004, 8.767307995460943
23.28646493795525, 4.983906779182238
21.828203449117442, 8.131011576471332
20.15006387160436, 0.3758016296983654
20.376002332990566, 12.158945840261342
22.050637309661944, 1.2395916817828914
22.403763111005976, 8.78241608759608
20.631423665811585, 18.84757837877449
18.269718516705687, 0.26907629820806095
18.573703369855995, 2.7498899504776393
17.72318666542717, 0.9633437567277432
17.273332508130938, 17.0164864225134
19.48013850728328, 1.5216825571910308
18.786652717133926, 3.422607474205861
17.82438800564925, 18.192672172648656
20.06497671210459, 4.480341662431926
18.881620782441043, 0.034554982673173106
18.738833684939863, 0.3122635623192353
18.433785992180205, 22.12052429825687
16.032837340251014, 5.436330362959952
17.40706839704004, 95.26393406198626
12.469031250153963, 39.817660057299115
16.167472770648637, 6.704959446036298E-4
16.401904996242095, 0.6584726574193376
16.124486214783108, 1.1135102093052098
16.841508522484958, 8.464078413238896
15.454582588531853, 1.1423247606203715
15.108548420180707, 5.797626320052992
16.590531397561715, 1.5189100502248694
16.0846388741619, 34.80280599817832
13.203193728219498, 3.2595956649133697
14.507785215182386, 1.5331174708362094
15.42747971375309, 0.2954499250845893
15.929694352632268, 11.279814851234397
14.371252953740141, 2.02462584393206
13.91439408136175, 43.88982879017652
17.653939360787685, 74.25365689645037
13.260271265396696, 1.9205227195049126
14.345274671006937, 9.788547301810409
13.000849029910924, 7.131354305239945
11.98310912749139, 0.11987083312874744
12.616873836495392, 7.681496459357427
11.57238716136599, 29.561660721502413
14.885010653737126, 10.700054691896248
13.431616804493089, 38.49069055113049
17.001211934920903, 0.350407380823333
16.78994438984315, 9.616673284426257
15.29758400877504, 39.78365969338478
12.236823949957694, 0.5518307577535414
13.055894507945052, 22.627696197946907
15.907263487457096, 8.311046747617864
14.583165029244183, 101.96596130994097
9.586699354029488, 0.6713037764990403
10.634263261009242, 5.955660749979884
9.885163640358343, 1.2699578734713746
11.070759814292796, 111.84160121929567
17.125911919846054, 0.3064911704355529
17.508642920359343, 113.65222676221173
11.99358868553514, 18.36330505810582
14.712487414964826, 78.85754367445405
10.276006195999695, 33.98638674951717
7.7201946490476665, 11.905786842902161
10.338901021162407, 8.93741416313168
9.300798187094626, 7.536496917507714
11.407163495714464, 0.06668736809757675
12.015337143897224, 2.4521822418313026
11.624350390603272, 0.18657533863790624
11.866269812849525, 0.18379716725184503
12.091180515790601, 0.606645663214092
12.111951676042464, 4.522945073312846
13.664726821313502, 2.6101633195138336
13.134888802525207, 53.49107542426674
9.637336649243524, 15.357629391887205
12.327593373286618, 0.42224009557995046
13.082001174568585, 4.63411133990089
12.306217027809323, 17.259933386409557
14.910111519768172, 0.2220584724544601
14.894007439774322, 19.60523059434996
12.802307298492362, 51.64998978349238
9.388336793312934, 2.9770405916538576
10.924201546745852, 2.3924570215600043
12.250388714620849, 0.39785930251159485
12.331977571973246, 20.298738069072623
15.11254836060674, 87.10110928674696
10.428543866877494, 146.73976682858054
17.407715664837614, 30.39095167452345
14.542189359332902, 8.885355608117571
13.211973986784175, 2.117912248259869
12.786970156373364, 41.44685695524204
9.726609406441797, 1.8942775494746749
9.584580417130107, 0.7160294042719264
9.740119561008823, 0.02728100087064409
10.372613685884058, 23.83083832526217
13.530307825320813, 1.0538880919612938
13.309829556202732, 54.373802620337926
9.725427230128913, 0.37798845667154646
9.994430491021912, 3.9769501287626925
11.631246425286276, 6.4151768769066635
13.433559902879743, 77.33174166607999
9.087418358124197, 26.68371786893434
12.5045071637767, 7.526626562813598
11.431079527348302, 9.13817045769861
10.279501710302819, 2.5585688196565
11.680899885560407, 18.621548232707603
14.429765199479736, 13.425897264279806
16.62908641131141, 68.39044653879364
12.346815754995184, 1.8839473922990009
12.01590328617102, 1.6244897440449895
11.760217390852045, 40.53559291768572
15.60358524387755, 0.232656954708082
16.027594083804, 36.01394388584609
19.356442326433662, 198.43054792617522
11.7635934800567, 5.7797191121964
13.510236823658765, 6.991562189743699
15.257115993445261, 88.9497674631317
20.522701529126323, 194.70532237952628
12.790509855706132, 11.504203268296996
15.0288635687441, 2.839058529251271
16.161108741117705, 7.730899963623021
17.812637563673846, 67.50214273767797
13.334022313249685, 118.72950483115532
19.66320651459405, 69.81382149381041
14.92481084427447, 3.6245287984852474
16.19963139293212, 42.54102510654519
19.943299284968294, 67.63660848493711
15.228209808306149, 9.56387693348563
17.153965397741036, 27.70590171748323
20.146822411115505, 2.827258962927314
20.92026145725178, 50.152002055563905
16.74867936660774, 23.17872885341204
19.531789142142063, 0.2707311963158237
19.672669376626793, 0.16803429523761523
19.376412537326033, 8.036356011072487
20.856428147970597, 4.699928405671355
21.853934880755787, 37.58548274586622
18.135740796130957, 11.70717411309323
20.038983227917353, 2.4837880219438904
19.019856142332078, 34.197044744449386
15.665687002634344, 1.307317972860925
15.213770120063558, 100.46870517000308
21.04346468624477, 1.2328731646883049
21.426037943226035, 0.10719774135005745
21.26728083250087, 20.665803112121466
23.583749625623923, 1.0120421237715491
23.71783717967645, 124.39512779959269
16.963503084393285, 8.343431913477977
15.405878682573714, 4.628242395104057
16.81474911255017, 23.14548799549282
19.632006899013557, 27.403338122739108
22.478236093614345, 18.795731691248452
19.67301290889629, 11.908819109725034
21.505820932407676, 1.3202564266846175
21.876772732178175, 0.09090325029174129
21.585365789078583, 36.02172016790381
17.895451978433428, 0.11189565177573373
17.819459465055225, 65.5154158488265
22.434503323446236, 16.34560641180156
19.787392350878005, 16.57763241500138
21.97524095355691, 22.237588766146605
18.97304804934231, 5.137096556063173
20.187627510902757, 92.49762716928473
25.511156287152115, 0.1345663859552938
24.851835639855196, 22.897262660133144
21.56632811491837, 201.1173021476752
29.406736454866593, 21.37449559684721
25.791637856727135, 3.5138051055254693
26.27312562214432, 2.4362772637732832
24.748407407842034, 18.615758048350717
26.741110926954224, 14.653053718323784
23.83618336678539, 11.103558721812727
25.324527473419373, 7.58540414522399
26.363701915269573, 1.2789850716215412
26.35929467295449, 9.669293665000085
27.530210816788188, 3.194956625215703
27.835550453183206, 8.593997553797687
28.794266400111212, 2.4999789776959846
27.080302343914283, 2.4068666966830925
25.52257172613617, 13.718818220361678
27.100182316549965, 2.1575580126075944
25.594742067797437, 9.273210243516106
26.78536317719727, 4.729563972547367
27.382544141464162, 19.05642670352363
29.208386879477658, 0.5679403761536632
28.772656781400773, 33.19091263062876
24.637051485175697, 42.18466100499159
27.879723793260617, 0.11320763141329213
27.13500143203523, 0.2656943974231534
26.242469936213734, 0.35217636588712903
25.36147581146663, 2.226261634713598
23.996863423161216, 18.108752323977377
25.99979815937052, 23.262599585295458
22.655192936444912, 41.72627721979812
26.01415851571806, 6.409381843043973
26.885181745442267, 2.2629492769118276
25.400312617250403, 1.9262077652792269
25.651299864286152, 0.39233132452806596
25.420339020074625, 19.235713925788364
22.384490788599855, 31.507360966680675
25.27869978610079, 0.14679766202012617
24.89246462158, 14.600902193012903
26.586676421033513, 11.399700892694172
27.9058495687442, 0.15216625042084403
27.073434357410733, 6.12787573712539
25.022895293356974, 2.3532150274120536
25.39363251903831, 8.279283446779411
26.511339606964356, 0.6535205974570065
26.344196269927885, 0.16749854583895235
25.607230043789045, 0.6358763298902559
24.661275613146163, 8.277521934505453
25.830186248557673, 29.899451027456806
28.38724537832437, 0.7168078248479981
28.111648695259476, 1.2260318745079501
28.015775954805566, 0.09504558920735089
27.28634125046909, 16.934217940992394
28.974361388769495, 24.491139355629254
31.02107118289533, 0.23731756490642764
30.326861296745744, 19.151975640461508
31.957920942713983, 30.556297067234972
27.821363515215968, 6.565937086787788
28.59676581104418, 1.2019122100380202
28.478368278047956, 32.43039205462832
30.975448885268833, 1.2937761772773755
29.46683431163099, 27.101464196824086
31.62441509622505, 5.511561846655548
29.374842685368986, 33.84803649029575
31.880912140892914, 0.1557429225921176
31.092154969572007, 7.84572150198721
31.78972926770367, 0.3272901160734921
30.591309764945034, 2.5368794895352926
30.64307456421721, 12.760361716263404
31.80731952556779, 3.8125008220313084
29.81366729584781, 0.37943941766190026
29.363686635561113, 4.542699549683185
29.810997505474415, 0.13943241632668235
28.900922160622045, 19.31005565498036
30.63253192370139, 0.07570863084505516
29.760754926385587, 2.568874488221728
29.89318582935807, 0.05511588667779241
29.139722309153044, 6.48153011326103
29.838273214543776, 6.472219225137502
30.49119734919644, 0.3199833673928699
29.99519241541314, 0.05595200652498125
29.20210707148685, 17.796436630138718
30.812409932631223, 1.6940583682015113
29.3148195348468, 49.753666380813634
32.45433554242536, 0.07492659754406973
31.472532074613877, 2.9277691233616494
29.713297999406855, 9.371051167414496
30.6645829453801, 15.01483249487661
31.99889412816421, 11.297320985931377
29.309775830380246, 5.698246440362033
29.924025122803414, 3.8923174381153025
30.27595506136585, 0.8240157668002956
29.063759623014317, 1.7266105388498112
27.71327478376592, 20.523879780211296
29.576180307495562, 18.63168065078536
31.21329074380759, 3.4862550240869754
29.425101959581827, 5.138828879910691
29.973728847005294, 0.6525940353891583
29.702867620099532, 1.20041345126635
29.607796746889036, 18.131171658914923
26.662435863918606, 60.14901956993532
30.284706643699586, 3.03178141571226
28.64352458841215, 18.993942435774628
25.715421877524214, 67.47196944097584
29.636490647269547, 7.483300063212969
27.505990361610962, 7.57657416042681
28.439599906955866, 0.8923051427174644
27.353417567708025, 0.5933614776896954
27.24359349227895, 75.58661378751918
22.11308145511785, 78.19359376883821
26.58710382606884, 0.03406142365781227
26.03884085347607, 8.707179626091445
27.172389938418117, 0.10544613559596876
26.505001589178917, 0.48422496845845214
26.4104477498281, 13.390932039651661
24.01202932488511, 17.737818822317145
25.934646867142458, 0.5012076134660747
25.138342703315164, 1.1193794427454637
25.32505357731971, 1.5844473206881509
25.606800659510334, 6.215993694952241
23.88680135199626, 15.58619715577355
25.675391244535394, 6.686064281039852
23.90306646319535, 2.3704984706588514
24.42265948697703, 1.8699389641866269
23.376514600227594, 24.999544919122734
20.480425299175266, 9.405715405452307
22.016341743432363, 0.009222177844541555
21.784385780059328, 5.088919215917879
22.812405919463515, 1.5259410756217597
21.93786349584996, 0.20396946312130232
21.52940537554304, 9.423096813729547
19.77097122858062, 8.230129091907456
21.245847413587697, 7.675168900950003
22.576706361420026, 22.529051787322494
19.868546237510134, 2.1382919493611285
19.059235606415033, 22.0742083208086
21.53984629444236, 4.877827812644294
22.558226441886188, 5.336439763792063
21.133646715023634, 14.252119357846835
19.02765514203819, 3.5673806998105464
20.035938184330842, 11.92585384877932
18.168242020751997, 1.5861062830887604
17.572033360270062, 0.5748646030174198
18.07830701681508, 54.61383944377998
22.033367851758584, 6.033104905041206
20.562099941318678, 27.60863047300155
17.70754538417395, 0.02430325776792571
17.889776170570958, 0.7155723606423952
17.528171618554875, 2.6560503215414943
18.496375423131447, 18.055017449763955
16.301810337451098, 18.740722233432972
18.77296329462188, 31.239139929611643
15.850856534553103, 1.1491360343231676
15.498321127426717, 21.803426445983145
18.205281102287454, 12.763354175837526