0.0, NaN
-8.249999999999986, 2.083190566690687
8.25, 1.1312564607528917
13.75000000000002, 0.7949051848717248
12.137931034482762, 1.6289220639676703
10.421052631578942, 0.7723442994860964
8.727272727272727, 0.45859262281997937
8.96, 0.38922139161049046
9.142857142857144, 1.5782713346712696
7.764705882352947, 4.0468787581435
10.4859813084112, 2.0885984472403587
16.06849315068494, 6.730874204927482
18.686440677966107, 18.209011572458035
20.676470588235293, 4.039195136153585
26.61734693877551, 2.5036912144889865
29.481096408317573, 1.6756186624847635
31.166666666666664, 29.738786823664046
29.122159090909097, -0.32941142601046464
29.14285714285714, -0.35932629748705747
29.16153846153847, 28.665734982634568
29.311926605504595, 7.8169047272761
29.838709677419367, 8.667120589921813
30.64516129032258, 1.7350973694006528
31.832661290322587, 1.3340366640125572
32.69921534437663, 1.0196261529431474
33.359447004608306, 0.7626264595132307
33.87920384351408, 2.678493725239073
33.741342454040186, -0.20106504840921202
33.919759277833506, 17.436604323425545
34.45928099779897, 4.595301254369635
34.12222222222223, -0.41579495846948034
34.243902439024396, -0.4817707787165241
34.35382685069008, 12.40757382375978
33.62367223065251, 18.027861696234044
32.661159463047646, 85.46278336831031
30.103477285473907, -0.27314069188592666
30.15631262525049, -0.3136666739176641
30.204388874712933, -0.35148896775560606
30.24832132828713, 206.32800782274185
32.55205415499533, 10.108702328215026
33.16695804195806, 40.71667790863853
30.525080042689435, 5.637712760128095
31.2732938610159, 7.03787786984252
31.936063936063942, 0.09006123699099787
32.04791686712209, 2.9232241427592776
31.342846413819, -0.2681770472143163
31.367610668133075, 7.425595060034358
32.04417492917846, 3.1242324723371397
31.320872274143316, 7.374360901385551
32.00242840395244, 3.1901314430106766
31.26804884044906, -0.3006751839418044
31.28626444159182, 23.573141410444382
29.19868637110017, -0.11320960852438627
29.224340399572966, 3.6566567635040723
30.120545073375265, 5.2997817624661545
30.88771466314398, 4.423289763789622
29.99062657725863, -0.3087243747147471
29.990079365079367, -0.31716457065357256
29.989550679205852, 25.024846976391103
27.75916230366491, 13.228679965719827
29.5021459227468, -0.24089380412650188
29.501689189189175, 5.314263438580398
28.517802644964394, -0.04957858915859835
28.54357569721115, 3.126763594069133
29.406608226567748, 20.102878553045176
30.643725420092977, 61.51435946777684
26.297320656871214, 0.6088069196628623
26.412148594377502, 0.5732718742033398
26.519863791146438, 0.5394627512515942
26.621107266435995, 6.874564329054123
25.66779932040775, 1.1616155995926254
25.86730310262529, 1.0855490994374246
26.049707602339186, 1.0150424982844828
26.217120827126994, 8.68597875649883
25.28782698249225, 25.686130421862547
23.225588235294115, 2.049379569636631
25.70620877395036, 1.4039825537490922
25.90094997674882, 1.3071783997746749
26.07775911784278, 9.885741331513369
25.153530914058322, 1.9575111646033005
25.391321355723818, 11.318398630841667
24.50188494112786, 0.0056696678175323775
25.81627656448929, 25.10571368006882
28.700043377674962, 51.634885575098515
25.465028312051537, 10.08625393155763
24.56762849413887, 0.07952381424015448
25.801576872536142, 0.5489216865801324
26.920337226451956, 1.3474656641926688
27.947229551451176, 0.14579106899152502
27.980059820538376, 2.45128386646007
28.928701180744756, -0.15547674869111638
28.936944340679865, 3.697826593805058
29.82075872646303, 4.977789269664873
30.65168170032503, 127.45989513467117
25.33988764044943, 1.3163611969504094
25.47012881630999, 6.685174826778584
27.413375880866905, 1.8544292271928313
28.332172656198697, 5.130915479056233
27.398956364400078, 20.311826604617913
25.420215255030428, 23.090524381357238
23.46154183925879, 11.11752956351837
22.663822525597254, 3.40683365851535
22.937631535834438, 2.930175790052974
25.117861040378305, 20.845878371559156
27.94083576659804, 20.364088063180187
25.984708981142596, 0.8103779247246067
26.052703316674258, 8.25511714701313
25.12506306899198, 9.41948060898582
24.218302256600523, 1.8930281935049895
24.352480732177256, 10.63751652981862
23.46076642335766, 51.177592954229034
20.47871021083092, 14.464206277699963
19.747897208917234, 6.154028222602962
22.97093117052639, 2.4434101852653893
23.104286441020474, 2.2905695184207118
23.225011949652153, 0.12119806906686681
24.32675320685154, 58.591165666154275
21.308317279504173, 3.3142872640866523
23.434669849211627, 30.309716397715263
21.48371003099252, 3.0003081159383638
21.6128242780225, 13.299148906842628
20.716746932691187, -0.07114858973776653
21.841790516149253, 21.263813603019855
24.86750252350847, 0.7790335455104075
24.90612244897959, 66.636154729624
21.894830615426507, 2.205766563140908
21.97625164261445, 7.433422127480934
24.01898870195258, 66.38357604015478
21.021030256103092, 59.91484325760742
18.076831935219605, 10.536749711112773
21.143244110204215, 96.88038840518625
17.183277371387454, 9.007508360407872
20.235354738240275, 31.084452501624575
18.312305900621105, 3.4195370962772365
20.363636363636363, 0.16684346924764626
21.40725350774554, 56.28716514540635
25.317738359201762, 0.18063432255076325
25.331463620734898, 65.96620724986576
22.367001766546302, 101.79911842289783
18.409318896451204, 4.115578150598685
20.431632832572806, 7.449408854077811
22.428366604168964, 30.920052563263496
20.478885493896186, 58.88710724675441
17.549726430483677, -0.0408240573919133
18.591825580437696, 57.50124794869408
15.684103052425542, 2.6455064107736654
17.701573633201626, 151.2444500301461
24.459465045957504, 0.19032288785090415
24.46989847648894, 211.13283303977695
18.54682440569817, 2.0769869642914713
18.590267242385345, 80.75248018331624
14.722110723528095, 0.15965801506136834
15.75026779985616, 3.0739805938593654
17.7367827726187, 18.118915903739218
20.675782806568648, 0.9663538535045544
20.69703988249915, 27.932854691404124
18.761694964359393, 1.5299821371524536
18.790016726310874, 1.4698857984249856
18.816870722523504, 8.295989519366346
20.78427134463781, 0.7715971746971955
20.80109703062468, 29.791223138547245
18.85957882551978, 1.30094572871163
18.882490231785912, 59.00694175502867
15.966632546900708, 105.04631087894076
21.777777777777782, 56.8441962332251
18.85714459047092, 50.964362036091536
22.730585173369153, 8.338187391200014
21.768165745355162, 0.4108395334551621
21.778637481707502, 8.912960866670337
20.81690605024756, 141.54689918270097
15.940548946066267, 2.1045987549822454
15.969285504602356, 100.70302791366765
21.754109807765705, 0.36943492304805625
21.76318939364645, 32.62077110647209
24.645587640088777, -0.07527420134188989
24.648411876552007, 23.50941436549004
22.71940694616363, 7.664455450006368
21.759204218681436, 8.176427669204294
20.799793716373372, 1.4738915426559533
21.775165810824415, 256.3560253154817
14.956311115098236, 0.06665324602742982
15.946237271955889, 17.17853041166076
18.85323235660995, 8.984982821041873
17.901092216584633, 44.9560092802473
21.75342190510423, 48.21034577789107
18.855888214200483, 48.06407329687364
15.966542830606546, 1.728126422541744
15.987650522984975, 18.5080762301193
18.89110630378616, 8.759639501220104
17.937129043059368, 0.7144854126649101
18.915455897494585, 0.7727251963122725
18.92699265862611, 0.7508757448070645
18.938199241737028, 8.957665218662719
17.981643008861035, 0.8679688882245407
18.95965980489549, 56.220812800739104
22.807542249736244, 0.015860716792420054
22.810915941030355, 0.009931085527419807
22.814239888406906, 191.90531426074418
16.988699888220822, 7.586207351406141
18.92660105778871, 52.50125270848648
22.764326108918844, 34.89657491462492
25.622509115104364, 39.82662707237829
28.451357598113603, 19.70416425455057
30.322484126293812, 269.9666715402403
22.647313933000895, 40.29076613820547
19.770695714962578, 110.64928617374785
25.443456266318524, 184.3136060458794
18.722463411359303, 0.7046351862929768
19.6850831939987, 20.274546533702292
22.535394060803718, 251.42313183657305
30.824674077453135, 1.3622610306211225
29.908356800588216, 40.5297779532277
26.16752217929067, 46.470804479236605
22.386657760976583, 0.2822854353539324
22.390276632862342, 8.256664713488723
24.270009271277598, 48.38252125597608
20.481394664986336, 6.6189163301153835
22.369409046943787, 37.633180953408875
26.098701881430618, 0.07109013898936332
26.098708066442292, 11.081732145514962
24.223191119432915, 0.12754118937432327
24.22422340855691, 9.500220016702437
26.088030932100615, 2.7863857684342483
27.016799817393306, 25.83895222435746
29.772461767017404, 0.28121596428164713
29.776329501547117, 87.82206535418554
24.15707091329799, 8.942460554130147
26.015900482991047, 10.532121660398596
24.146336884962892, 11.965960845596134
22.270308164503604, 0.3263259534875618
22.27391016486636, 0.32167930908557435
22.277468027391706, 83.43664829028162
27.807671758875138, 11.485968452979408
29.637053397527303, 4.179303523279303
30.551613714621134, 106.2199182716821
24.029588761543145, 10.936098280888793
22.16298876836597, 4.070562210210917
21.232029389053988, 1.0153631789517181
22.169647355339503, 16.87241253977048
24.950306502371163, 56.72900661628851
29.503858777937058, 16.208656059561246
26.74752530634481, 0.180998510815038
26.747722457627077, 2.770820981578667
27.664431818181864, 22.53613077662236
30.38341132412786, 14.967430804598468
27.641592964105893, 33.0260715456912
23.93328408648057, 17.700227111947967
26.68593637906985, 20.694069121368678
29.40906472907714, 11.540412791899248
31.213494278844234, 42.2685474746923
26.637790342599377, 2.61349092954216
27.55098464684969, 55.80975070957389
32.02573531952543, 4.118878299253596
30.23806438157587, 0.9329468074560414
29.33947766101867, 11.089739204851874
31.14064975087128, 0.7500374248158821
30.248939877279966, 5.389599448329458
28.436516586605723, 0.3203071664021508
28.43860806251761, 3.323572431249298
29.34698813167122, 6.076679690140884
27.52491848014614, 20.783696430811773
30.233398149736615, 11.813239497650592
32.02965607931719, 0.6004937736371206
31.145399962999704, 0.6796397140866601
31.155326661137618, 0.6727120036604214
31.165112028700996, 0.6658570360598445
31.17475906262954, 0.6590734532312053
31.18427067572356, 0.8055013511344341
30.289157613945264, 4.189378247033042
31.196333284757934, 0.818033662880019
30.300491961697254, 0.4876747134681734
30.306338643245116, 12.215010953448637
32.108425494142054, 0.8058047668277485
32.1212869420989, 0.6604761963882912
31.231529163139157, 14.242216767759245
28.500900813565956, 38.94898673498945
32.097913402794106, 4.6846722269237615
30.299216219179055, 12.103112642922907
32.10192108122827, 0.787328318793438
32.11413606496804, 0.6764541571668603
31.223357071599086, 0.5987693019433104
31.231472409398506, 4.624187119268478
32.1394189563701, 5.108058724282251
33.04737481954257, 5.609300497908319
33.956020694505355, 3.8755923985925396
32.1752447592084, 26.915949965782485
28.526600058658335, 10.794491252549442
30.34415408744726, 0.42869048378878777
30.348815342833124, 4.137145788774005
31.258435518943983, 4.60285224019814
32.16733058621151, 0.7333155895251754
31.27263060455881, 0.5489950570800108
31.279731646089367, 13.18405797079089
33.08439829956805, 0.5779488219288652
32.19637071235265, 13.974776983171525
33.997697227730455, 1.108760546907024
34.01667526779023, 4.197718265395678
32.227951320708534, 14.073045725539114
34.03165756149928, 4.265318320274189
32.24114756381559, 0.661272320584916
32.25049327365439, 14.15348099751929
34.055983186240724, 6.107705263274288
34.96779717920209, 1.2853186497401594
34.99033966252, 1.2681919093652625
35.01241421644505, 6.657287536727775
35.92656452837147, 17.388081431944073
37.72370144994413, 2.0902936713943743
37.76481223746778, 0.1917000175229401
36.91381632438429, 3.319411933158237
35.14518664014149, 1.1462769635945476
35.164122492979715, 1.1315121954611231
35.18269726670305, 17.139127778428822
36.991436268746696, 7.745433148575717
37.912028673015136, 1.9066854266214168
37.947144995046614, 1.8743303246114997
37.98128213734937, 1.842770797232844
38.01448049179453, 1.8119754523884732
38.04677825879482, 1.7819145635625084
38.07821159393689, 1.7525599598629071
38.10881474299662, 1.723884924697926
38.13862016639527, 1.6958641023042669
38.16765865404905, 1.6684734114239255
38.19595943146484, 1.6416899654988943
38.223550257852565, 1.6154919988144851
38.25045751694334, 4.357427063684003
36.454652174390304, 19.36027557802523
38.28195311377429, 0.25992652674331523
37.398292845421544, 1.2657435286135248
37.41808041107379, 0.4040917788140427
36.52343810647832, 7.371242619768578
37.45003717270386, 7.894233568166874
38.377400521397675, 4.9657179293484575
36.56930744985599, 0.9516157607462213
36.583349010563005, 7.406471223022441
37.511227544910156, 7.927066893504909
38.43969526062869, 1.3900404918384857
38.46107110233043, 0.353623921361167
37.566599100748746, 1.1030649252781695
37.58291114426798, 7.984508909203011
38.51273627428778, 0.3897367441102273
37.61526513875121, 8.00966132737079
38.54572782816583, 1.2822542549288376
38.56475473067589, 0.43072145688078356
37.6643100268059, 6.889022144420392
35.827387922409805, 0.5951927513492454
35.83575553657667, 7.072139978515233
36.768088613023274, 0.7687308427260615
36.77890710301473, 0.7586443351521828
36.78956438349912, 0.7486783498854843
36.80006403117326, 0.7388304346383268
36.81040951770431, 0.932367136708677
35.892137579478316, 1.1986068507721854
34.96806340838908, 20.459492742382366
36.826885131702355, 0.9659684017439616
35.90759493670885, 0.5182781513536685
35.91489063376331, 7.2069706880475835
36.84938005040965, 22.099971905682214
38.70224525867087, 69.40837861430052
34.0444669588182, 0.21239029782230917
34.04789177977583, 0.20873756931277798
34.05128624930931, 52.63683211285531
30.2774365429662, 36.20515827676375
33.09089464492419, 0.10502047825980951
33.093021870384355, 0.10232285866302794
33.095132938637825, 0.09963840547633585
33.09722803306987, 2.1913076960884514
32.15933110582278, 12.812003706519521
30.27223069524389, 16.413840994284083
32.15228722514674, 0.01016382895484449
32.15342980885148, 0.008129150773084796
32.154564891897955, 2.569102832287178
31.213616764069887, -0.05752088938344283
31.21411296506754, 2.9636332229953473
30.270519282141304, 4.3019922851348005
31.21272158243597, -0.061025734353996164
31.2132110769567, 32.70726355864281
28.37070867774623, 4.210453951057807
27.42200464358274, 3.0378586379831574
28.369343664764425, 3.4475188031900696
29.314804143577692, 3.7911170529085356
28.367596886502973, 16.466443743073153
26.467318931112807, 2.660735500841909
27.41631194205447, -0.07117776854720811
27.416682420785882, 3.064932505867157
28.3637919287627, 3.4792805404733604
29.309026596894658, 63.31425986389174
25.503038818640352, 2.2761447603561002
26.453335636009676, 13.099185056382856
28.346108025224904, 4.188854845751715
27.398304285430985, 4.647055897781404
26.449471686075785, 18.053486166609215
24.54703174029195, 1.9419472274221685
25.49888551666161, 18.894731399606563
23.595392929417837, 6.594627264702369
22.645653027079504, 0.46317873690392725
22.649620899085132, 9.831737723861803
24.554205089900016, 11.582453660062091
26.453096687012007, 5.12211311498286
25.50357035251582, 5.612682323602778
24.553624606445126, 6.117044624921334
23.603532174258387, 1.6862973315396732
24.557088772212538, 19.958246954426517
22.6525811565511, 21.540304057231875
20.74791138447642, 8.220915625605194
19.799727298663942, 7.641243855576364
21.710942797070942, 0.6012343855353088
21.71557504611406, 0.5940204713944859
21.720153326351202, 1.186283779395782
22.677327985276886, 21.911561436710432
20.77102638927331, 0.9449678581034519
21.729716963328585, 7.750510672788679
20.77946170576331, 0.760639701657323
20.78480557356161, 0.7514412474377465
20.790079678161288, 8.338917433303608
19.83992952827496, 0.7805338177255304
20.800421982177983, 0.7235945148352828
20.805486885829854, 24.077109887812178
18.897604671215774, 1.1659177758863537
18.904567905225154, 0.6214674742511512
19.86660922135857, 8.967544932170785
18.915839252663492, 50.15922575310955
16.0506526987436, 5.791591611146807
17.969962274329255, 50.99734913292373
15.105723445042166, 0.07754538983782497
16.071060331127093, 1.8801325582321855
16.07999152146455, 0.21689481710949904
17.04524425594646, 0.38701152752034734
18.010030785963817, 23.963765309877086
20.885587879242426, 8.473607299275896
19.931166195671317, 9.019508604259908
18.977295425794, 26.660038961702206
17.064607211898835, 1.462791987864398
17.07178299223925, 7.747605750023561
18.994222527950228, 26.935828362519278
17.080072053426335, 28.290486073695824
15.168451724127777, 0.18619369046464657
16.134841051243082, 11.241535239093938
15.18293613374669, 1.9152932235459041
15.190859959118685, 76.58370174606142
19.98663771979693, 88.84199941285085
16.144933101852867, 1.5758358986247996
16.151856165803377, 23.37962685380952
19.034382025616992, 89.36763347278236
15.193677232226655, 29.443765186641627
13.28260463892296, 0.0432330371406011
14.249302785057875, 20.84708897256583
17.133452243129348, 1.1994381223313075
17.13898870267631, 1.1836548349325537
17.144434405866186, 10.53680252412687
16.18843302230778, 1.4033127980206226
16.194353540246148, 0.5680239672705768
17.161273140632606, 1.1187421704781644
17.166356911429983, 10.63350120624839
16.209067190076137, 1.3341966095540436
16.21460816446529, 30.297723385902533
14.295015604428755, 48.76052870929827
18.14480135009708, 29.021423218995245
16.222291607723275, 27.362794399919586
19.112094626638395, 9.580646418700608
18.152257624795904, 0.7993526326607542
18.156203848887507, 96.86830912874132
14.304369292283898, 1.7594951344167362
14.310442775257627, 1.7336652509086927
14.316391143798906, 51.17270748737921
18.169197834438247, 58.37649357739616
15.280131273566198, 9.05826297182447
17.21038658899885, 10.963968735225725
19.140212641209715, 28.705477191835516
17.214355470898717, 10.54202690799569
16.2544095546943, 11.063153437135444
15.29502252719213, 1.3508308495040213
15.299916927101476, 61.107302973736466
12.413048752926548, 7.200725620552959
14.3440609211171, 1.5474738559964252
14.349147383015751, 12.126156994330971
13.390031574170798, 8.494775969343417
15.322841065189031, 11.66619104367565
14.362218824843296, 12.180949042873499
13.402170291147192, 1.7075799098140843
13.40720358791875, 1.6827947229314835
13.412137134256497, 0.5029772456365691
14.382067198681304, 12.302807440302919
13.42061050852793, 0.5520782834081059
14.39084731271882, 1.3392816724118422
14.395071650030461, 12.391853902203236
13.432700231051362, 0.6281039330171069
14.403384859910785, 11.252678916646992
16.340733501439846, 13.362401897147182
18.27810173445134, 111.39936655248907
14.406070974906019, 1.2546271615008542
14.40996718557654, 11.521850548945674
16.347658870246494, 13.6348546527466
18.285351436989256, 15.780378649597568
20.2221704044398, 17.921712409309503
22.157319353056035, 3.7041688255353993
23.124818242056463, 167.88086861104583
18.279434863839285, 65.36263755659873
15.37666651463175, 34.80104723671944
18.279790660090708, 65.09811326487504
15.377140891718183, 34.77569036283941
18.280093687846193, 2.1501380268236545
19.24947812169134, 80.35199347680972
23.113327775318844, -0.1858461528816374
23.11389686579004, 60.67942915735526
20.211123158702048, 107.66767138495632
16.33918292960742, 13.263962285143327
18.27502727122452, 2.129246271017999
19.243975214191952, 9.652140360105319
18.278209115166103, 31.446744655838177
16.344674114244874, 13.546592119102709
18.280866825613078, 15.609361348677645
20.216159452010444, 9.192226423453913
19.249964145171536, 0.22037434360845956
19.251642794287044, 2.5886728465223725
20.220314870140758, 0.0817932426303253
20.221642707101317, 2.9931490658413757
21.18982956765568, 19.093098914344022
23.122802864369863, 106.78330571462114
19.25017944929377, 0.2098919057813737
19.251810777466734, 2.6208935958763613
20.220356781060932, 9.225053632662984
19.25403181355695, 9.720359876718009
18.287868563436128, 0.3413586373932868
18.289783568923806, 79.79587943372756
22.155184653767076, 3.8250745887134365
23.121854246877067, 4.251768539162228
24.087795331468413, -0.27778519345986447
24.08806019780847, 163.4877442822442
19.247187615229613, 9.588249693802815
18.281425004039754, 10.087215098815088
17.315897629880535, 39.62152117825671
20.216563941810413, 3.0246256456796456
21.184180779691925, -0.05117834823972526
21.185105592714223, -0.05353878391570925
21.186025039520658, 3.457645679334087
22.153100375876807, 3.873945730615631
23.119514867186698, 61.07804369518029
20.21751516525881, 9.139230930780347
19.251455651790522, 17.245138716688828
21.185322952627644, 19.29119439876008
23.11720317579167, 4.305605162882593
24.082748071003294, 59.82703840680198
21.182041542211316, 3.467937981939748
22.148835696931307, 3.884764929559652
23.11497132016185, 7.678965847518423
22.149148595788844, 20.34748905764373
24.079504004454584, 22.31410676160546
26.006972107507288, -0.3432335678603877
26.00699003604738, -0.3441615877719199
26.007007899044833, 25.49467141337748
24.07668778932192, 4.757711798948923
25.04117277919902, 26.383285347264902
23.109921423194155, 50.83776834538505
26.000267383795176, 24.133230292433563
27.923813370950693, 23.399779297096455
25.99698919009213, -0.34018835392556795
25.997006382792627, -0.3411023993182222
25.997023513556343, -0.3420147771803854
25.997040582717325, 6.231820230679506
25.03296866011115, 5.192787178538797
25.996316333206295, -0.34397102287356096
25.99633314518803, -0.3448767037259682
25.99634989714743, -0.345780747390564
25.996366589405444, 5.687615158786648
26.95887056908147, -0.3494065505035015
26.9588728235769, 157.4076251597694
22.128958232376274, 89.27193735228818
25.97954735317377, 24.87802891309794
24.051317744884688, 51.16569379981302
26.93646691977259, -0.3319735811249821
26.936469527985892, -0.3328509306146029
26.936472127071287, 5.62566850133927
25.973960216686535, -0.33212170878386804
25.973976497593128, 5.53705707926434
26.935641013308782, 6.0091214416950525
27.896442085975902, 6.489994360095988
28.85636825324094, 22.071251399908924
26.933274763835662, -0.3358254075942523
26.93327728112394, 5.660262554674265
25.970874544159123, -0.3349331394448148
25.970891098942285, -0.3358091116339279
25.970907596545675, 5.57453692892243
26.93246311346646, 5.6882121728726505
25.970091444712313, -0.3375877184729518
25.97010786146184, 23.975808952264174
27.891394760028817, -0.32315061744189777
27.891453884530993, 6.550751654082448
28.85121404974759, -0.28897835175597775
28.85140675809414, 22.32061962095429
26.928627176279594, 24.95597639027575
28.847895701197437, 22.254130143747975
26.925341986315257, 24.880251413483087
28.844385047757523, -0.2871815724370067
28.84457670921111, -0.2881972996225335
28.844767661832336, -0.2892109810430857
28.844957909546263, -0.29022262487585676
28.845147456248892, 7.061604625620021
29.80385708337533, 27.789750774389667
31.71694546052359, -0.07015703581203317
31.718076603075055, 3.5238341642614293
30.761896566507694, 20.454633214510622
28.843741301430075, -0.29396686004549205
28.843924328225256, -0.29496182306713636
28.844106690098968, -0.29595482227065256
28.844288390668037, 27.051540408011974
30.75947693311588, 8.10744797847422
31.71645219613126, -0.07673665276455352
31.71755993508882, -0.07864496715036529
31.71866215619518, -0.08054689685971242
31.71975890057622, -0.08244248169711106
31.72085020894985, -0.08433176111091173
31.721936121631543, -0.08621477419783147
31.72301667853902, -0.08809155970676667
31.724091919197264, -0.08996215604288325
31.72516188274318, -0.09182660127147081
31.726226607930457, -0.093684933121861
31.72728613313439, 20.13826375651947
29.81083014565447, 28.497689583755786
31.724723265050443, 3.688160109687655
30.76810052961302, -0.1885092660582605
30.768753756262846, 4.14408680988633
29.81057896742001, 7.729063164417103
30.768806651623773, 8.2583425329199
31.7261964151965, -0.1011166326930432
31.727228720910823, 20.350275207940488
29.810630222296865, -0.2663580196376216
29.810980356018085, 28.712165361902176
31.725025125434573, -0.1038183448874959
31.726045571917748, 3.761294207674484
30.76926839576466, -0.19826523705465116
30.769896448660717, 8.30305952602109
31.727372728919903, 3.790045676849965
30.77051953601348, 8.317034029156838
31.72802879562851, 3.80747065183996
30.771131162087993, -0.20419084923172284
30.771745606977944, 21.777034946206726
28.85239669857753, -0.3275858755904844
28.852538360057434, 7.28819352288154
29.81175959465211, 7.8187688105945305
30.770127061743636, 4.28835211901352
29.811737467060432, -0.2794178130877561
29.812064654122622, -0.2804964362577625
29.812390643360498, 4.77990067983047
28.85267742723771, -0.3332420645663958
28.852814458220937, 7.339017748215098
29.81207223972513, 4.801180649223231
28.85235689661058, -0.3352888682057102
28.852492420315375, 7.35897508419545
29.811748728343876, 29.36781442670231
31.72610990595547, 94.6423432402784
27.884064967401844, -0.36186994155905644
27.884094896827992, -0.3626633477704442
27.884124732913744, -0.3634554970658192
27.884154476094913, 5.762539049174381
26.92263445867435, -0.3749010886313981
26.922634443375298, -0.37566268920123763
26.922634428122873, -0.37642313146444056
26.922634412916654, 6.301103320285499
25.960340930375914, -0.3673696425255817
25.96037790453758, -0.3681625005277697
25.960414764809077, -0.36895410453248706
25.960451511715597, -0.36974445849626986
25.960488145779387, -0.37053356635722157
25.96052466751943, -0.3713214320348212
25.96056107745172, 6.882255966367344
24.997641419678956, 5.361108852501225
25.95992202044025, -0.37297911463695255
25.959958014680044, 6.900763630880161
24.997064818680716, 28.732775248082767
23.068961523199363, -0.21885456020759617
23.069435037180924, 4.418127510901604
24.033161242332053, 4.903756773536579
24.996144787987344, 28.79402098152041
23.068142548806918, -0.22108097323846287
23.068611254371007, -0.22239794137888633
23.06907813972394, -0.2237117187645244
23.069543215447926, 30.86866481362839
21.140234012393933, -0.018025398013170796
21.141190984065872, -0.020247394742027136
21.14214315317424, 3.5768532579348764
22.107200145009678, 4.038232140808389
23.07162524851802, 8.612191270806106
22.107634733508306, 32.02810449011402
20.177851352543644, 3.1706872478567103
21.143478394244582, 9.75746207672226
20.179345535724426, 10.344378062090879
19.21528100772527, 0.2549673564084578
19.21678730274546, 2.8130013943960277
20.18306088995144, 19.84356923968776
22.11245793569271, -0.15226073655443903
22.11310693141675, 9.243272515294219
21.14880116769133, -0.043276996045876634
21.149697183742568, -0.04539075540522239
21.150588858202326, -0.04749734378526862
21.151476222550375, 186.8099256004195
16.319873704195402, 41.66798989716404
19.214931388863505, 0.24037175551803444
19.216381949407587, 0.23673643815912443
19.21782332224998, 2.863580417497722
20.18396384481907, 34.088130213789086
18.253791036849982, 2.4839986309649174
19.220402382787178, 0.2245353120053563
19.221810672847127, 35.11470896708117
17.291574862308828, 0.582407310952159
17.293575718081737, 12.151583115271949
16.329910567552925, 0.782273404125819
16.332183983291614, 1.8536670274686509
17.299795971951514, 12.214000644155535
16.335795390718772, 38.08667158224264
14.406011472557905, 14.084775347208613
16.339172318416818, 0.7459587576174634
16.341347426486482, 12.856286462002801
15.377348851265369, 39.16660861348498
13.447540912671526, 13.382568602016855
15.381269063329247, 39.29107424225831
13.451032292421704, 1.0700368420564117
14.419598721970845, 14.100442435590674
13.455949917102929, 1.1187337294099948
14.424744528692388, 1.4481353167252262
15.393634286760449, 44.47625003855493
18.294377403623297, 0.28334273220008016
18.295798969603748, 37.55711071464605
16.362337980965137, 79.20708786417066
13.462446667701878, 1.1931213802129732
14.431459832971996, 1.093947093448493
14.433874181340514, 1.0830381527892425
14.436262527499402, 14.209882024860837
13.471508277036598, 14.821178705158298
12.507137780314652, 15.433803998915234
11.543166561379214, 0.7873404587039209
12.51262415301451, 80.72746610482154
16.382457830679417, 0.5754398985626081
16.38420852905045, 81.45688402544855
13.481028186395168, 1.2486206004111653
13.483445246294872, 14.853731708038822
12.51822473781301, 15.460000351344837
11.553390152058045, 0.9049464414377332
12.523334167970988, 14.80114711478721
14.461223133632252, 0.9415056420270536
14.463290528295508, 14.399069392930326
13.496757132994105, 1.161886741836783
13.49898752702594, 1.150150271280771
13.501193280732124, 1.659437141612979
14.471989082645193, 0.8914243493812571
14.47394971250564, 14.54767793544112
13.506710374605053, 1.1081364369815292
13.508828845529923, 1.0969181409782716
13.510924513951146, 1.0858042399776862
13.51299774605564, 1.074793141996768
13.515048900231013, 48.48808151159868
16.424675832089896, 13.535388645260856
15.455979527498664, 0.6096610564934474
15.457596242680129, 14.155990774349853
14.489066602474058, 44.12207313438793
12.550801112914355, 1.2726311805073334
12.55292267509537, 93.02289795553932
16.43239423117584, 3.1444115445803797
17.40386636907971, 23.181454530319503
19.344735656155695, 63.39190266899097
22.252808699230915, 81.6657823454427
19.341528646870003, 40.05963537624982
17.401151206188032, 12.920950997211033
16.431890501926137, 3.1555367370131915
17.40325426172829, 319.0782414847449
11.579777300625743, 1.281291005022404
12.550922281479318, 46.773502554613934
15.460585091710144, 42.70541461508475
13.52172704150183, 49.199140026420245
16.431779427609253, 3.1498620769927386
17.402984297200895, 222.48210231400785
12.550644589283959, 1.1992698783106421
12.552621277222064, 46.807802587985684
15.46230638100956, 0.5271447250514165
15.463736448718763, 42.49577823008394
13.524639736490219, 18.217521691526965
15.465699919611428, 42.57718679669622
13.526398681856813, 14.890766012195584
12.558206577031163, 47.81574137880851
15.46880571905249, 168.7768580099657
20.31605296805894, 5.009504724891636
21.286010215722442, 309.0856883834488
15.45990002532957, 0.5054923651796498
15.461274155400918, 2.748496563055383
16.43231722130748, 21.458693385593968
18.372546787426607, 23.83770029910797
20.31197747584946, 373.01875266239733
27.07593254139553, 8.298458809491178
28.04143038593714, Infinity
17.369524431808728, 51.0766892158334
20.27241013781217, 56.49398615534236
23.172383401924584, 364.3922325257246
16.390559973089957, 2.5752262873899108
17.359047962550036, 49.32626304203911
20.260111458090638, 22.423908344115492
22.19324890331512, 24.493698340069024
24.124637382933656, 258.0793325114705
18.317299548805014, 19.827433695301444
20.25083282930026, 4.068699351294569
21.21758835674053, 4.5090771986878835
22.183915822076283, 30.580066932135328
20.250504254873455, 32.356608423525145
18.316683171362314, 49.929516910120206
21.215329060924827, 54.980103601146084
24.110526523184134, 28.443949411936018
22.17858705969331, -0.2923587858667185
22.178801520386216, 23.843395766979025
24.10885975412167, 7.146005808815848
23.143413512812803, 58.050313300170764
26.03514804801174, 27.716100723518753
27.960466858918053, 237.43660920469745
22.165855680615014, -0.2801470397066978
22.166071803552274, 23.23878527196006
24.095012744284094, 109.5684575215877
20.230673395609262, -0.12043177683663148
20.23117218723466, 3.9000805755540044
21.196946031339678, 225.4759983777884
26.971797730382775, 7.022299504888429
27.93354503439564, 28.421834046516523
29.85424872908636, -0.16623543102267055
29.854789084535422, 396.6966660736078
22.13743136878928, 28.052347420637815
20.208149281909698, 8.627322083670581
19.24382895541349, 283.18442980279593
25.97629105502164, 25.022415133815098
27.897248290967454, 21.775315104670053
25.97412843522248, -0.33232024067661603
25.974136915473455, 6.16541101113369
26.93517717043886, 25.9415436491544
28.854672524345446, 20.819568627758066
26.93313280614309, 149.54451710696523
22.115699636624147, 20.89540205158019
24.04024235242523, 22.77068323699751
25.962656519397214, 24.616327172253342
27.88261889110105, 26.424602623537133
29.799864386607684, 47.26299485496264
26.919119863409392, 99.36027766118842
30.74993468581673, 45.16628376663715
27.87230568172505, 57.05053709967293
30.744814657043804, 28.60645992308916
32.656883405925825, 9.490906732354082
33.613135334425905, 2.175097609537831
32.66001407032478, 16.4186830937287
30.747402967531343, 8.445605530170713
31.70480631682395, 8.97719745223424
32.661698901631546, 30.449414859746632
34.57107148376143, 32.10274041086185
36.47735623988647, 35.689595391873546
33.618876225393, 0.3582525656072927
33.62104699926003, 0.3550616577881387
33.623205952276045, 0.3518843586064794
33.6253531807335, 15.797973828070576
31.714184931134128, 8.996850339786848
32.67142405964278, 9.537746311752544
33.628188566619194, 2.2782881107344797
32.67434289122056, 0.192087028642419
32.67592307251428, 30.773512257979394
34.586406143879636, 0.5012878203480622
34.58909729446803, 0.4972793992996027
34.59177212056567, 2.0056230707888663
33.63912272250444, 41.90642364665003
30.76744695422553, 106.66583792346846
34.587728250386704, 0.491410688659959
34.59036871932363, 2.0081187148344815
33.63766677269058, 0.3201378660038161
33.639683607314375, 10.104847056161598
34.59641842874452, 2.0420133792037896
33.64346492699329, 65.40607601548375
36.50451277792176, 11.766523394204082
37.460168341439925, 35.6974985247213
34.60185837886296, 77.62797050123207
30.771937538272073, 29.053211519919515
32.686438859451044, 0.160025662533387
32.68789230849651, 30.81866084399113
34.59953621363835, 0.46061731835121794
34.602036444812796, 2.085331573524938
33.64868846221688, 0.29300894777887565
33.650593144807075, 65.52794677182118
36.51276971388063, 13.752713529830823
34.6069858572797, 0.44568083358035177
34.609423151914726, 66.61449388442703
37.46938939991322, 36.12444474209384
34.60956927492866, 66.4261901482768
37.469699204892834, 36.081856390819894
34.609684768589645, 0.43267034312676
34.61205997560986, 112.07971200399484
38.42139221667383, 1.2363140340844505
38.42690416182292, 1.2270075609381172
38.43236612689354, 12.789153405980258
39.38821805306604, 36.58777732701878
41.2912649763586, 1.9795899162414303
41.30004525383709, 1.962491121596038
41.30871807656783, 1.9455817627520733
41.31728540513173, 0.48228254793208053
40.37579860433532, 11.206061378695495
38.47816768364204, 1.1375873196794837
38.48316983634373, 1.1290489688087257
38.488128757464885, 72.27941832835157
41.343801675008045, 14.619961985166363
42.30061865323726, 2.137544434349302
42.30992748006295, 2.1184492749702994
42.31911657879144, 2.099577720699014
42.328188244537614, 2.080925621852317
42.33714471412864, 0.4509479232640406
41.395080107976035, 14.739443400335976
42.35293158870973, 0.48578776519526573
41.4101800048311, 1.7368808180317232
41.41751205275395, 1.7224017562691016
41.424762226029486, 1.7080678518707408
41.43193188844554, 0.7657783282342506
40.4855240678384, 1.0169510699054665
39.536662183136805, 127.6168634506873
43.34666862431535, 32.54104116394133
40.49550834287549, 1.3961600158348844
40.501327960551485, 1.3851461238892528
40.507091073891694, 14.289179707436285
41.46650210240594, 14.860483938247677
42.425862300126134, 35.44622831409435
39.56690891757065, 13.759273528321168
40.52691581733042, 14.324392322533145
41.48678714766496, 1.5649357984668666
41.49318912030688, 0.9584955164196707
40.54403803876395, 1.2981697882571765
40.549369702274596, 14.405303587923083
41.509754001408226, 1.015591289687003
40.55991452554081, 1.2670811372105593
40.56509627744456, 14.46376774965316
41.525843279946415, 1.07346714127303
40.57533716593113, 14.850524859470651
38.663247973293096, 0.8030874370139283
38.66674203687852, 13.441378978956184
39.62849234374439, 13.996609701604536
40.59000601765765, 1.4185287848335486
39.63670422890536, 0.9788358759548587
39.64078016172071, 0.9712930374471865
39.64482367423957, 1.7656106001432137
38.68924973613199, 2.093634761148883
37.73190797092501, 39.84148029625693
39.65313701769203, 1.8105782912192268
38.697209776961316, 13.585726857360902
39.65976151109063, 41.463256112256744
41.57872840436872, 138.70135845120708
36.77736242103642, 39.045828448812394
38.70052836820084, 17.830803015533746
36.78001281033628, 0.3705617444580418
36.782088224085385, 158.88378908608496
31.956545398061987, 74.79252913663031
34.84882705950909, 0.08535268534031414
34.85008169711377, 0.08318876562002427
34.851331013037424, 0.08103173368320302
34.85257504106727, 3.5972588379640316
33.88935627239084, 22.952373156791577
31.95868753210941, 9.7830968366361
32.92446775926149, 10.303393389231836
33.889784833361986, -0.044779870646846236
33.890698176296176, 4.030659503895556
32.926347626467724, 4.449739613052068
31.96104801318644, -0.2401677105101093
31.961486079555815, 9.831677673389573
32.927371682518256, -0.15414647269792842
32.92801542506788, 4.485641421995914
31.96264355532877, 25.343792479380102
30.028718862551536, -0.3730131450893295
30.028867326116032, 128.83908122029737
33.888796832016, 36.721706700783606
35.8162898763108, 163.17569951515088
30.986831866955665, 9.197416425702363
31.952961150639833, -0.23838155578933234
31.953390818070172, 9.722885572276873
32.91906762658226, 10.245187256448958
33.884284787119846, 169.44067053409904
29.048632857313294, -0.4045418856158922
29.048695637452447, 124.34821610253634
32.90957521084193, 4.355520935588731
31.94468832414287, 4.782037277884145
30.97896475198686, 61.08161089703337
28.07615590670324, 7.58496187756714
29.043392873776945, 115.51760626270949
25.167865877235023, -0.4029862607631203
25.167918816348504, 63.90953013596493
28.070469902983895, 68.04096985614545
30.968488261905378, 25.2749226439732
29.034952426739455, -0.3954299257599288
29.03501454419771, 6.0248032288262205
28.067676128175755, 6.491125259076042
27.099852612480692, -0.43017808338015073
27.099852556742654, 29.24811958094928
25.16263402176425, 31.107659067116995
23.224304661545577, 71.62434122107574
20.31500657851481, 102.65492993044604
24.189195686892024, -0.35758994682865636
24.189311185077138, -0.3582454056365849
24.189426420111957, 5.595920943096681
25.15783041657002, 30.885937087487974
23.21988959976831, 5.153975451043414
24.188630170785608, 31.803655957332158
22.250328138055647, 4.72539996976196
23.219384518408333, 71.1999554607087
20.310745705278908, 3.8947870405581577
21.280342775906263, 56.711214749512216
24.185676881110744, 69.60963466325069
21.277781714128643, 73.05098028107948
18.369226683884285, 51.166849816317324
21.276031838044535, 23.0125911945566
23.213277529089908, 70.3005699285135
20.305463149287156, 3.844122073408282
21.27478307231881, 125.43866212194035
17.39662891651843, 37.164194402699906
15.459041279800635, 17.01325800403527
17.39779734229216, 2.732963093820287
18.36770332156114, 0.20057033277415082
18.368487318883947, 3.1149331793435304
19.3382856035561, 159.0235924873854
24.178303078936093, 8.152681688554459
23.209963252889203, 31.963481326372108
21.272294395716976, 71.96817944957928
18.364649881671355, 0.20048642103642367
18.365427594828855, 50.686020945650434
21.271424904764206, 71.77930881108917
18.36393526526668, 74.83061270528731
15.45695689315795, 0.6874952872282897
15.458135560476334, 12.817992795655405
14.490403895312024, 1.7875601944084896
15.460432254111346, 393.2239144786844
23.20155596493964, -0.29468161984180063
23.201730915133734, 262.2328316350889
17.386391160485886, 89.41291162162372
21.257956149269912, 260.7818148174973
15.444613532883997, 74.13945552281866
12.541676569652394, 13.336549029886255
14.478156457616793, 1.647342189443597
15.447315735881824, 43.24247727800037
18.35178157455227, 10.712019741612693
17.38419963732292, 0.3414797035436604
17.385079529428573, 0.33859101483174203
17.38595531816407, 2.621403242071344
18.355003478130744, 0.18980479822431995
18.35573733642222, 10.769532105302408
17.38795653278813, 0.32851740114932393
17.388817804667166, 73.31707639004385
14.48357653984825, 42.35499567014422
17.388747408230433, 47.286619297273646
20.293401048455532, 69.90323648145282
17.38762128314493, 47.108633772922715
20.292058843616896, -0.057127753999707764
20.292520440891927, 32.93611972730383
18.35586652563114, 122.46202297605784
14.481705779444216, 0.8379987070730185
14.482928796177328, 81.77203775844845
18.355151291225894, 19.122880103611745
20.29168598196046, 51.73035571894032
23.194279622748414, 177.63296690769835
18.351133999980334, 145.51519537201978
23.186555309599914, 29.543057640654794
21.25119403863986, 66.83779600498679
18.34700892106852, 18.638853049861044
20.28265127367657, 444.1055076437928
12.535584928291795, 12.915546019472126
14.470752460464453, 40.01901329071881
17.373070764825947, 33.79662069817891
15.438558832779524, 41.63133125798943
18.340864766984453, 10.221678146297705
17.37395095816095, 69.49083922582209
14.471498598563926, 0.8287243790961356
14.472693870145752, 40.26391032587167
17.37526173495398, 0.3137385595087265
17.376069182567452, 33.85497888175367
15.441283030451029, 15.727626803521469
17.37702080732255, 33.88362501675723
15.442145106833925, 11.799568793763923
14.475558111775454, 40.68653991363152
17.378563689926917, 85.8472426726141
21.247348440239954, 150.31291635175205
26.07680721306164, 527.1810597585836
17.364093098103254, 0.32077355866259233
17.364892794578246, 2.435792020294364
18.332490008478814, 44.863301089790795
21.232287423132487, 49.17842956613221
24.130033524320968, 151.8052924847923
28.950309285639996, 609.3900985137753
19.28035147220752, 2.9039892327146424
20.246643208157426, 84.08154124763209
24.106349446316344, 144.09688969599569
28.921875572691643, 701.4729360544028
18.29368450059286, 15.56550409155471
20.22344955792143, 79.03529414172382
24.07871574711824, 47.609542859228696
26.967239958439347, 49.30592946540018
24.075628866422104, 195.72077472892755
29.844109258806377, 431.89551560636903
21.165518899403814, 122.52936843821782
25.976263022893058, 4.984208558394355
26.938044265328877, 189.88645302427656
21.1562840727931, 120.04767343987155
25.964921169980123, 83.08573260893417
29.805211076907906, -0.1392588070272199
29.805450300497114, 41.9700999596052
26.921988445390795, -0.24689853230192238
26.921996677508655, 21.189167233211194
28.842774610060157, -0.19081357156880183
28.842898158701363, 49.86996372885539
31.719761252657094, 2.8450649071879095
30.761095148731446, 239.3040031281459
24.0267117345621, 243.73134422046635
30.739605900498628, 72.28827269889622
26.89837037178179, 43.91451185122613
24.01413078085566, 21.50836603583998
22.090513267673867, 231.47699674009453
28.80567863798593, -0.16259667643535408
28.805804930511016, 21.61999862593958
30.72232391840659, 131.19392607071563
35.4994200532538, 1.5218067185874014
34.54595662509708, 355.9875537077876
25.90861507707822, 119.30292041994714
21.103015493473976, 36.14333952444495
23.983128294885546, 113.24506337665686
28.774112017093298, 45.03062013597012
31.64420155895787, 14.182122972967742
29.729860273292353, -0.08654662245437328
29.73010696666771, 5.993440877638954
30.68743790276063, -0.020164809612534713
30.68784801424117, 67.16511017031732
26.853018204551635, 4.19077311913119
25.893882530757146, 167.20462445925466
31.632887677118926, 14.000598684558021
29.719208421785996, 21.12139155249129
31.63194097539515, 14.000028251813646
29.718308672430965, 5.92209673080692
30.675273071294985, 175.72015039972354
36.395492970546734, 28.41851747644628
33.53461616579217, 12.429405687104675
31.624191197557813, 385.34564324881643
40.1774514255081, 7.592379542188583
38.282134554848575, 8.845891546610074
36.3817851344396, 0.729721296237885
36.38434094032862, 8.964251504956444
37.338709992269855, 26.82995732938483
34.48088272790457, 83.3361358704645
38.28815883143, 53.19587032686393
41.138487590036355, 0.2977269447586175
40.1954687741577, 1.5068861920435588
40.20074930533323, 1.4987503562036077
40.205990285647104, 1.4906681846194954
40.211192157791814, 23.94465557190286
37.3601841694889, 9.455777691535186
38.31499567400605, 27.563389777292596
40.21946341870255, 8.040555672266414
38.32123893722859, 1.0372635440795215
38.324786940114784, 54.08727317207343
41.17838971505252, 1.6811193861009315
41.18425923219174, 0.3598971618201642
40.23949629825488, 49.762891262468266
36.430474468187285, 131.4395471582838
41.185902854980874, 23.383130262197202
38.335536469641916, 54.015104059835636
41.19030158803511, 47.832891201825504
37.38474013819175, 1.0584350537460012
36.433563420526355, 8.900212127830894
37.389303557450916, 1.0714470096369857
36.437963326758926, 52.25939879179495
39.29725535105408, 8.95834509081517
37.39454419261931, 0.7971277184458362
37.39725351645292, 91.39413593569205
32.6174089950596, 23.013757151824244
34.52965131714494, 0.34132044383536964
34.53098057064584, 24.556926266198076
36.4414093144026, 8.877763130199707
37.39738216881762, 1.1019060581230726
36.44566238006631, 26.13975394563991
38.35445119547918, 0.9602841873724124
38.35767103004548, 0.92024169795597
37.406982509456256, 26.99081750175563
39.31522584472547, 9.210097777121861
37.4112015803006, 27.02916675889166
39.319699810281115, 1.133601854656425
39.323478998392716, 9.31808745036018
37.418910056297484, 0.753146085614598
37.42145225675329, 27.15950348077744
39.33054792061691, 10.413755530037191
40.286725243616615, 1.3167124609842995
40.29110586724817, 1.309971116672087
40.295457112006275, 29.578726208537788
42.20245532693241, 31.090671862142873
44.107816394898244, 2.253812707197304
44.11562267529864, 2.2394487896728696
44.123352802548155, 46.53346897374652
40.31988672547379, 1.2608207323262062
40.32403042860719, 1.2544157677547996
40.3281471227723, 57.95794213886987
43.187110520862326, 12.535481701908875
44.14418553404555, 13.080200235558905
45.10146045420436, 2.4344398981234057
45.10984933229239, 2.418274100312278
45.118151717072294, 2.402260999528415
45.12636893936409, 2.386398316311518
45.13450230282467, 0.09616740446136093
44.191037060690746, 2.0901300293700698
44.19800594174966, 13.140094655637682
45.15625471012793, 0.11749710500861611
44.211989818372054, 2.050631687411608
44.21876457464461, 2.0380523849484966
44.22547787916258, 0.2532330183052804
43.27863409385373, 12.65462021220778
44.237483165917766, 0.2699745470038453
43.290204863126036, 1.7467516638624674
43.29583285689704, 0.42313235168412006
42.346473540316076, 12.1713384815974
43.30580749233905, 33.3791965743604
45.2176889735163, 24.754766787248435
42.35973899728078, 1.4721121554341272
42.364399684723544, 12.184967988398018
43.324114661242284, 12.708930880831222
44.28386876038129, 1.9096707026074617
44.289974393220945, 1.8982498344572867
44.296027530078746, 0.36189258729982726
43.34661821476406, 12.749625934646147
44.30682358376111, 0.38049493173235377
43.35702792864402, 12.767834863950915
44.31744348101536, 0.3993758244517413
43.36726841873911, 1.6021682234079053
43.372265763940426, 29.08070591062723
40.50254208515049, 0.9724784181360245
40.50559331783611, 32.107138531324765
42.42376099942011, 12.289596227244955
43.384742806922006, 0.6013094283855513
42.43219473537905, 1.3420334200610773
42.43633067736029, 1.3348527641021917
42.440438548431764, 10.768668388374369
40.52642701730572, 1.2153105509118336
39.56942584326062, 63.44473088413214
42.446953625530085, 10.87086682895124
40.53249647710075, 0.9199781632025438
40.53536710911389, 32.54526680879039
42.45516869591419, 63.11990424897586
38.61693919846976, 31.061922195040605
40.53868861834338, 12.39538439248182
38.61984787715562, 0.571025995443941
38.62176903141459, 116.2194532544603
33.806360557319636, 99.42859633815908
37.65443282538731, 0.42550670857215317
37.65597990980744, 0.42315760773416294
37.65752101294956, 0.4208156762949185
37.659056169435026, 0.4184808764649624
37.66058541361694, 72.9985442034841
33.80777819443324, 8.01034228175771
34.77164986701515, 28.04194016811628
36.69719154996866, 0.28393952848851467
36.698393160586875, 15.386080469751919
34.77309981250944, 2.8678376256906604
33.80998914134031, -0.03215338516209028
33.810489127669136, 8.03010874481466
34.7744513073787, 0.056796448818317954
34.77514045449876, 2.889830382507463
33.81195546091504, 43.6550865588167
30.91720167349748, 6.7441262594773725
31.882105850337194, 7.168580833065898
32.84669813981572, 7.602076206316633
33.810983696451984, 17.78572944800546
31.88207749565575, 3.869718504220798
30.91716435413366, -0.22910405737644107
30.91728488043332, 6.758600607269231
31.882198437119865, 7.184355043250076
32.84680027865302, 132.20193604087413
28.016787150579148, 5.5130525992339665
28.982505696646946, 52.561704358357
31.876586913865196, 3.849668294898717
30.91183261584977, 20.000163172843834
28.980642228142298, 21.53915972771308
27.048173264282532, 5.117219793466265
28.01410261477595, 22.314968183748782
26.081149276579286, 6.093301980590056
25.11451335940895, 20.392175367254822
27.046835054483928, 21.934284680088798
28.97798294919356, 4.920380044108766
28.012128888977372, -0.29757788948246744
28.012129395717984, 5.307431895463663
27.045984784457275, 5.701078171896303
26.07959997945814, -0.2784180786442932
26.07963073541469, 23.920001939910204
24.14599598956925, 19.65529289750809
26.078678102667272, 53.114767024958525
23.177709647388028, 3.6827332678436306
24.144543309185824, 4.0294419195232285
25.111132198240558, 4.387543801475521